sols = {
15 : (4,(2, 0),(2, 0),(0, 0),(2, 0),),
23 : (4,(2, 1),(2, 1),(1, 1),(2, 1),),
27 : (4,(0, 1),(2, 0),(2, 0),(0, 0),),
29 : (4,(1, 0),(2, 1),(2, 1),(1, 1),),
30 : (6,(2, 1),(0, 0),(0, 0),(2, 0),(2, 0),(0, 1),),
39 : (4,(2, 1),(2, 1),(2, 1),(1, 1),),
43 : (3,(2, 0),(2, 0),(1, 1),),
45 : (4,(2, 0),(1, 1),(2, 0),(2, 0),),
46 : (5,(2, 1),(0, 0),(1, 1),(2, 0),(2, 0),),
51 : (4,(0, 0),(1, 1),(2, 0),(2, 0),),
53 : (3,(2, 1),(2, 1),(1, 1),),
54 : (5,(2, 0),(2, 0),(1, 1),(2, 0),(2, 0),),
57 : (5,(0, 1),(2, 0),(2, 0),(1, 1),(0, 0),),
58 : (3,(0, 0),(2, 0),(1, 1),),
60 : (3,(1, 1),(1, 1),(2, 1),),
71 : (4,(0, 0),(2, 1),(2, 1),(2, 1),),
75 : (3,(2, 0),(0, 0),(2, 0),),
77 : (5,(1, 1),(2, 1),(1, 0),(2, 1),(1, 1),),
78 : (5,(2, 1),(0, 1),(2, 0),(2, 0),(0, 0),),
83 : (5,(0, 0),(0, 0),(2, 0),(2, 0),(0, 1),),
85 : (3,(2, 1),(1, 1),(2, 1),),
86 : (5,(2, 0),(1, 0),(2, 1),(2, 1),(1, 1),),
89 : (5,(1, 1),(2, 1),(0, 1),(1, 1),(2, 1),),
90 : (2,(0, 0),(2, 0),),
92 : (2,(1, 1),(2, 1),),
99 : (3,(1, 1),(2, 0),(2, 0),),
101 : (4,(0, 1),(2, 1),(2, 1),(1, 1),),
102 : (6,(2, 1),(0, 1),(2, 0),(2, 0),(1, 1),(0, 0),),
105 : (5,(2, 0),(1, 1),(0, 1),(2, 0),(0, 0),),
106 : (2,(2, 0),(1, 1),),
108 : (4,(2, 1),(0, 0),(2, 0),(1, 1),),
113 : (5,(0, 1),(2, 1),(2, 1),(1, 1),(0, 0),),
114 : (4,(1, 1),(0, 1),(2, 0),(0, 0),),
116 : (2,(2, 1),(1, 1),),
120 : (1,(1, 1),),
135 : (4,(2, 1),(2, 1),(2, 1),(0, 0),),
139 : (3,(2, 0),(2, 0),(0, 0),),
141 : (4,(1, 1),(0, 0),(2, 1),(2, 1),),
142 : (5,(2, 1),(2, 1),(0, 0),(2, 1),(2, 1),),
147 : (4,(2, 1),(0, 0),(2, 1),(2, 1),),
149 : (3,(2, 1),(2, 1),(0, 0),),
150 : (5,(2, 0),(1, 1),(0, 0),(2, 1),(2, 1),),
153 : (5,(0, 1),(2, 0),(2, 0),(0, 0),(0, 0),),
154 : (3,(0, 0),(0, 0),(2, 0),),
156 : (3,(1, 1),(2, 1),(0, 0),),
163 : (4,(2, 0),(1, 1),(2, 0),(0, 0),),
165 : (4,(2, 1),(0, 0),(2, 1),(1, 1),),
166 : (5,(2, 1),(2, 1),(2, 1),(1, 1),(0, 0),),
169 : (4,(2, 0),(2, 0),(1, 1),(0, 0),),
170 : (3,(1, 1),(2, 0),(0, 0),),
172 : (4,(0, 0),(1, 1),(1, 1),(2, 1),),
177 : (4,(2, 1),(2, 1),(1, 1),(0, 0),),
178 : (4,(1, 1),(0, 0),(0, 0),(2, 0),),
180 : (3,(0, 0),(2, 1),(1, 1),),
184 : (2,(1, 1),(0, 0),),
195 : (4,(1, 0),(2, 0),(2, 0),(0, 0),),
197 : (3,(0, 0),(2, 1),(2, 1),),
198 : (6,(2, 1),(0, 1),(2, 0),(2, 0),(0, 0),(0, 0),),
201 : (5,(1, 0),(2, 0),(2, 0),(1, 1),(0, 0),),
202 : (2,(2, 0),(0, 0),),
204 : (4,(0, 0),(1, 0),(2, 1),(1, 1),),
209 : (5,(0, 1),(2, 1),(2, 1),(0, 0),(0, 0),),
210 : (4,(2, 0),(1, 1),(2, 1),(0, 0),),
212 : (2,(2, 1),(0, 0),),
216 : (1,(0, 0),),
225 : (5,(1, 1),(2, 0),(1, 0),(2, 0),(0, 0),),
226 : (3,(2, 0),(1, 1),(0, 0),),
228 : (3,(2, 1),(1, 1),(0, 0),),
232 : (4,(0, 0),(0, 0),(1, 1),(0, 1),),
240 : (4,(0, 1),(1, 1),(0, 0),(0, 0),),
263 : (5,(2, 1),(1, 1),(2, 1),(2, 1),(1, 1),),
267 : (4,(1, 1),(1, 1),(2, 0),(2, 0),),
269 : (5,(1, 1),(0, 1),(2, 1),(2, 1),(1, 1),),
270 : (6,(2, 1),(2, 1),(2, 1),(1, 1),(2, 1),(1, 1),),
275 : (5,(2, 1),(2, 1),(1, 1),(2, 1),(1, 1),),
277 : (4,(1, 1),(2, 1),(2, 1),(1, 1),),
278 : (6,(2, 1),(2, 1),(1, 1),(0, 1),(2, 1),(1, 1),),
281 : (6,(1, 1),(0, 1),(2, 1),(2, 1),(1, 1),(0, 0),),
282 : (5,(0, 1),(1, 1),(2, 0),(1, 1),(0, 0),),
284 : (3,(1, 1),(2, 1),(1, 1),),
291 : (4,(2, 0),(1, 1),(2, 0),(1, 1),),
293 : (5,(2, 1),(0, 0),(2, 1),(1, 1),(1, 1),),
294 : (5,(2, 1),(2, 1),(2, 1),(1, 1),(1, 1),),
297 : (4,(2, 0),(2, 0),(1, 1),(1, 1),),
298 : (3,(1, 1),(2, 0),(1, 1),),
300 : (5,(1, 0),(2, 1),(1, 1),(1, 1),(1, 1),),
305 : (4,(2, 1),(2, 1),(1, 1),(1, 1),),
306 : (4,(0, 0),(2, 0),(1, 1),(1, 1),),
308 : (4,(0, 0),(2, 1),(1, 1),(1, 1),),
312 : (2,(1, 1),(1, 1),),
323 : (5,(1, 1),(2, 0),(2, 0),(0, 1),(1, 1),),
325 : (4,(2, 1),(1, 1),(2, 1),(1, 1),),
326 : (6,(1, 1),(2, 1),(2, 1),(0, 1),(2, 1),(1, 1),),
329 : (5,(2, 0),(2, 0),(1, 1),(2, 1),(1, 1),),
330 : (5,(1, 1),(2, 0),(0, 0),(1, 1),(0, 1),),
332 : (4,(1, 1),(0, 1),(2, 1),(1, 1),),
337 : (5,(2, 1),(1, 1),(0, 1),(2, 1),(1, 1),),
338 : (4,(2, 0),(1, 1),(2, 1),(1, 1),),
340 : (5,(1, 1),(0, 1),(2, 1),(1, 1),(0, 0),),
344 : (4,(1, 1),(2, 1),(0, 1),(1, 1),),
353 : (5,(0, 1),(2, 1),(2, 1),(1, 1),(1, 1),),
354 : (3,(2, 0),(1, 1),(1, 1),),
356 : (3,(2, 1),(1, 1),(1, 1),),
360 : (3,(1, 1),(0, 1),(1, 1),),
368 : (4,(1, 1),(0, 0),(1, 1),(0, 1),),
387 : (5,(2, 0),(1, 1),(2, 0),(1, 1),(0, 0),),
389 : (5,(2, 1),(1, 1),(0, 0),(2, 1),(1, 1),),
390 : (6,(2, 1),(1, 1),(2, 1),(2, 1),(1, 1),(0, 0),),
393 : (6,(1, 1),(1, 1),(2, 0),(1, 0),(2, 0),(0, 0),),
394 : (4,(1, 1),(2, 0),(1, 1),(0, 0),),
396 : (4,(1, 1),(2, 1),(1, 1),(0, 0),),
401 : (5,(1, 1),(2, 1),(2, 1),(1, 1),(0, 0),),
402 : (5,(2, 0),(1, 1),(2, 1),(1, 1),(0, 0),),
404 : (4,(1, 1),(0, 0),(2, 1),(1, 1),),
408 : (5,(1, 1),(0, 1),(1, 1),(0, 0),(0, 0),),
417 : (5,(2, 1),(2, 1),(1, 1),(1, 1),(0, 0),),
418 : (4,(1, 1),(1, 1),(2, 0),(0, 0),),
420 : (4,(2, 1),(1, 1),(1, 1),(0, 0),),
424 : (3,(0, 0),(1, 1),(1, 1),),
432 : (3,(1, 1),(1, 1),(0, 0),),
449 : (5,(2, 1),(1, 1),(2, 1),(1, 1),(0, 0),),
450 : (5,(1, 0),(2, 0),(2, 0),(0, 0),(1, 0),),
452 : (6,(1, 1),(2, 1),(0, 0),(2, 1),(1, 1),(0, 1),),
456 : (5,(2, 1),(1, 1),(2, 0),(1, 1),(0, 0),),
464 : (5,(1, 1),(0, 0),(2, 1),(1, 1),(0, 1),),
480 : (4,(2, 0),(1, 1),(1, 1),(0, 0),),
519 : (3,(2, 1),(2, 1),(2, 1),),
523 : (2,(2, 0),(2, 0),),
525 : (5,(2, 0),(0, 0),(2, 0),(2, 0),(0, 1),),
526 : (5,(2, 0),(2, 0),(1, 0),(0, 0),(2, 0),),
531 : (5,(0, 0),(1, 1),(2, 0),(2, 0),(0, 1),),
533 : (2,(2, 1),(2, 1),),
534 : (5,(2, 1),(2, 1),(0, 1),(1, 1),(2, 1),),
537 : (6,(0, 0),(1, 0),(2, 0),(1, 1),(2, 0),(0, 1),),
538 : (3,(0, 1),(2, 0),(0, 0),),
540 : (3,(1, 0),(2, 1),(1, 1),),
547 : (4,(2, 0),(2, 0),(0, 1),(1, 1),),
549 : (5,(2, 1),(0, 1),(2, 1),(1, 1),(0, 0),),
550 : (5,(2, 1),(2, 1),(0, 1),(2, 1),(1, 1),),
553 : (5,(2, 0),(2, 0),(0, 0),(1, 1),(0, 1),),
554 : (3,(2, 0),(0, 1),(1, 1),),
556 : (4,(1, 0),(2, 1),(1, 1),(1, 1),),
561 : (4,(2, 1),(0, 1),(2, 1),(1, 1),),
562 : (4,(0, 0),(1, 1),(2, 0),(0, 1),),
564 : (4,(0, 1),(2, 1),(1, 1),(0, 0),),
568 : (3,(0, 0),(1, 1),(0, 1),),
579 : (4,(0, 0),(2, 0),(2, 0),(0, 1),),
581 : (4,(2, 1),(1, 0),(2, 1),(1, 1),),
582 : (5,(0, 0),(2, 1),(2, 1),(0, 1),(2, 1),),
585 : (4,(2, 0),(1, 0),(0, 0),(2, 0),),
586 : (1,(2, 0),),
588 : (3,(0, 1),(1, 1),(2, 1),),
593 : (4,(2, 1),(0, 1),(1, 1),(2, 1),),
594 : (3,(1, 0),(0, 0),(2, 0),),
596 : (1,(2, 1),),
600 : (0,),
609 : (4,(1, 1),(2, 0),(1, 0),(2, 0),),
610 : (4,(2, 0),(0, 0),(1, 1),(0, 1),),
612 : (3,(0, 1),(2, 1),(1, 1),),
616 : (2,(0, 1),(1, 1),),
624 : (3,(2, 1),(0, 1),(1, 1),),
643 : (5,(2, 0),(1, 0),(2, 0),(1, 1),(0, 0),),
645 : (4,(2, 1),(2, 1),(1, 0),(0, 0),),
646 : (5,(2, 0),(2, 0),(1, 0),(2, 0),(0, 0),),
649 : (4,(2, 0),(1, 0),(2, 0),(0, 0),),
650 : (4,(1, 0),(2, 0),(1, 1),(0, 0),),
652 : (4,(1, 0),(2, 1),(1, 1),(0, 0),),
657 : (5,(2, 1),(0, 0),(2, 1),(2, 1),(0, 1),),
658 : (4,(0, 1),(2, 0),(0, 0),(0, 0),),
660 : (3,(2, 1),(1, 0),(0, 0),),
664 : (3,(1, 1),(0, 0),(1, 0),),
673 : (6,(2, 1),(2, 1),(0, 0),(2, 1),(1, 1),(0, 1),),
674 : (5,(2, 0),(1, 1),(2, 0),(0, 0),(1, 0),),
676 : (5,(2, 1),(0, 0),(2, 1),(1, 1),(0, 1),),
680 : (4,(1, 1),(2, 0),(0, 0),(1, 0),),
688 : (4,(0, 0),(2, 1),(1, 1),(0, 1),),
705 : (4,(0, 0),(2, 1),(0, 1),(2, 1),),
706 : (3,(1, 0),(2, 0),(0, 0),),
708 : (4,(0, 0),(2, 1),(2, 1),(0, 1),),
712 : (3,(2, 0),(1, 0),(0, 0),),
720 : (2,(1, 0),(0, 0),),
736 : (5,(0, 0),(0, 0),(1, 1),(0, 1),(0, 1),),
771 : (4,(1, 0),(1, 0),(2, 0),(2, 0),),
773 : (5,(0, 1),(2, 1),(1, 1),(2, 1),(1, 1),),
774 : (6,(1, 0),(0, 0),(2, 0),(2, 0),(1, 0),(2, 0),),
777 : (6,(2, 0),(0, 0),(1, 0),(1, 0),(2, 0),(0, 1),),
778 : (5,(0, 0),(1, 1),(1, 1),(2, 0),(0, 1),),
780 : (5,(0, 1),(1, 1),(0, 1),(2, 1),(1, 1),),
785 : (6,(0, 0),(1, 0),(2, 0),(1, 0),(2, 0),(0, 1),),
786 : (4,(1, 0),(0, 0),(1, 0),(2, 0),),
788 : (5,(1, 1),(1, 1),(1, 1),(2, 1),(1, 1),),
792 : (6,(0, 0),(1, 1),(1, 1),(2, 0),(1, 0),(0, 1),),
801 : (5,(2, 1),(0, 1),(2, 1),(1, 1),(1, 1),),
802 : (4,(0, 1),(2, 0),(1, 1),(1, 1),),
804 : (4,(0, 1),(2, 1),(1, 1),(1, 1),),
808 : (4,(0, 0),(1, 1),(1, 1),(0, 1),),
816 : (5,(0, 0),(2, 1),(1, 1),(1, 1),(0, 1),),
833 : (5,(2, 0),(1, 0),(0, 0),(1, 0),(2, 0),),
834 : (5,(0, 0),(1, 0),(1, 0),(2, 0),(0, 1),),
836 : (5,(0, 0),(1, 0),(0, 1),(2, 1),(1, 0),),
840 : (5,(0, 1),(1, 1),(2, 1),(0, 1),(1, 1),),
848 : (4,(1, 0),(0, 0),(2, 0),(1, 0),),
864 : (5,(0, 1),(1, 1),(0, 0),(1, 1),(0, 1),),
897 : (5,(2, 1),(2, 1),(1, 0),(0, 0),(1, 0),),
898 : (6,(0, 1),(1, 1),(2, 0),(0, 1),(1, 1),(0, 1),),
900 : (4,(2, 1),(1, 0),(0, 0),(1, 0),),
904 : (5,(0, 0),(1, 1),(2, 1),(1, 1),(0, 1),),
912 : (3,(1, 0),(0, 0),(1, 0),),
928 : (4,(1, 0),(0, 0),(1, 0),(1, 0),),
960 : (4,(2, 0),(1, 0),(0, 0),(1, 0),),
1031 : (5,(0, 0),(2, 1),(2, 1),(2, 1),(0, 0),),
1035 : (4,(0, 0),(2, 0),(2, 0),(0, 0),),
1037 : (5,(2, 0),(2, 0),(0, 0),(2, 0),(0, 0),),
1038 : (6,(2, 0),(2, 0),(1, 0),(0, 0),(2, 0),(0, 0),),
1043 : (5,(0, 0),(1, 0),(2, 0),(2, 0),(0, 0),),
1045 : (4,(0, 0),(0, 0),(2, 1),(2, 1),),
1046 : (6,(2, 1),(2, 1),(2, 1),(0, 0),(2, 0),(0, 0),),
1049 : (6,(0, 0),(1, 0),(2, 0),(2, 0),(1, 1),(0, 0),),
1050 : (3,(0, 0),(2, 0),(0, 0),),
1052 : (5,(1, 0),(0, 0),(2, 1),(1, 1),(0, 0),),
1059 : (5,(2, 0),(0, 1),(2, 0),(1, 1),(0, 1),),
1061 : (5,(2, 1),(0, 0),(2, 1),(1, 1),(0, 0),),
1062 : (6,(2, 0),(0, 1),(2, 0),(1, 1),(2, 0),(0, 1),),
1065 : (5,(0, 1),(2, 0),(1, 1),(2, 0),(0, 1),),
1066 : (4,(0, 1),(2, 0),(1, 1),(0, 1),),
1068 : (5,(2, 1),(0, 0),(2, 0),(1, 1),(0, 0),),
1073 : (6,(2, 1),(0, 1),(2, 1),(2, 1),(1, 1),(0, 1),),
1074 : (4,(0, 0),(2, 0),(1, 1),(0, 0),),
1076 : (4,(0, 0),(2, 1),(1, 1),(0, 0),),
1080 : (5,(0, 1),(0, 1),(0, 1),(1, 1),(0, 1),),
1091 : (4,(2, 0),(0, 0),(2, 0),(0, 0),),
1093 : (5,(0, 0),(2, 1),(2, 1),(1, 0),(0, 0),),
1094 : (6,(0, 0),(2, 0),(2, 0),(1, 0),(2, 0),(0, 0),),
1097 : (5,(2, 0),(1, 0),(0, 0),(2, 0),(0, 0),),
1098 : (5,(1, 0),(0, 1),(2, 0),(1, 1),(0, 1),),
1100 : (4,(2, 1),(0, 0),(2, 0),(0, 0),),
1105 : (5,(2, 1),(2, 1),(0, 0),(2, 0),(0, 0),),
1106 : (4,(1, 0),(0, 0),(2, 0),(0, 0),),
1108 : (5,(0, 0),(0, 0),(2, 1),(2, 1),(0, 1),),
1112 : (4,(0, 0),(2, 0),(1, 0),(0, 0),),
1121 : (5,(2, 0),(0, 0),(2, 0),(1, 1),(0, 0),),
1122 : (6,(2, 0),(0, 1),(0, 1),(0, 1),(1, 1),(0, 1),),
1124 : (5,(0, 1),(2, 1),(2, 1),(1, 1),(0, 1),),
1128 : (5,(1, 0),(0, 1),(1, 1),(1, 1),(0, 1),),
1136 : (5,(2, 0),(0, 0),(2, 1),(1, 1),(0, 0),),
1155 : (5,(2, 0),(0, 1),(0, 1),(2, 0),(0, 1),),
1157 : (4,(2, 1),(0, 0),(2, 1),(0, 0),),
1158 : (5,(2, 1),(2, 1),(2, 1),(0, 0),(0, 0),),
1161 : (4,(2, 0),(2, 0),(0, 0),(0, 0),),
1162 : (4,(0, 1),(0, 1),(2, 0),(0, 1),),
1164 : (4,(1, 1),(2, 1),(0, 0),(0, 0),),
1169 : (4,(2, 1),(2, 1),(0, 0),(0, 0),),
1170 : (5,(0, 1),(2, 0),(0, 1),(0, 1),(0, 1),),
1172 : (3,(0, 0),(2, 1),(0, 0),),
1176 : (2,(0, 0),(0, 0),),
1185 : (5,(2, 1),(2, 1),(1, 1),(0, 0),(0, 0),),
1186 : (4,(2, 0),(0, 0),(1, 1),(0, 0),),
1188 : (4,(2, 1),(1, 1),(0, 0),(0, 0),),
1192 : (3,(0, 0),(1, 1),(0, 0),),
1200 : (3,(1, 1),(0, 0),(0, 0),),
1217 : (5,(2, 1),(1, 1),(2, 1),(0, 0),(0, 0),),
1218 : (3,(2, 0),(0, 0),(0, 0),),
1220 : (3,(2, 1),(0, 0),(0, 0),),
1224 : (4,(2, 0),(1, 0),(0, 0),(0, 0),),
1232 : (3,(1, 0),(0, 0),(0, 0),),
1248 : (4,(2, 0),(1, 1),(0, 0),(0, 0),),
1283 : (6,(1, 1),(2, 0),(0, 1),(2, 0),(1, 1),(0, 1),),
1285 : (6,(2, 1),(1, 1),(0, 0),(2, 1),(1, 1),(0, 0),),
1286 : (7,(2, 0),(2, 0),(1, 1),(2, 0),(0, 1),(1, 1),(0, 1),),
1289 : (6,(2, 0),(1, 1),(2, 0),(0, 1),(1, 1),(0, 1),),
1290 : (5,(0, 1),(1, 1),(1, 1),(2, 0),(0, 1),),
1292 : (5,(0, 0),(1, 1),(2, 1),(1, 1),(0, 0),),
1297 : (6,(0, 0),(2, 1),(1, 1),(2, 1),(1, 1),(0, 0),),
1298 : (5,(1, 1),(0, 0),(2, 0),(1, 1),(0, 0),),
1300 : (5,(1, 1),(0, 0),(2, 1),(1, 1),(0, 0),),
1304 : (6,(2, 1),(1, 1),(2, 0),(0, 1),(1, 1),(0, 1),),
1313 : (6,(2, 0),(2, 0),(0, 1),(1, 1),(1, 1),(0, 1),),
1314 : (5,(2, 0),(0, 1),(1, 1),(1, 1),(0, 1),),
1316 : (5,(0, 0),(2, 1),(1, 1),(1, 1),(0, 0),),
1320 : (4,(0, 1),(1, 1),(1, 1),(0, 1),),
1328 : (5,(2, 1),(1, 1),(0, 1),(1, 1),(0, 1),),
1345 : (6,(1, 1),(2, 0),(2, 0),(0, 1),(1, 1),(0, 1),),
1346 : (5,(1, 1),(2, 0),(0, 1),(1, 1),(0, 1),),
1348 : (5,(0, 0),(2, 1),(1, 0),(0, 0),(1, 0),),
1352 : (5,(1, 1),(2, 1),(0, 1),(1, 1),(0, 1),),
1360 : (5,(0, 0),(2, 0),(1, 0),(0, 0),(1, 0),),
1376 : (4,(1, 1),(0, 1),(1, 1),(0, 1),),
1409 : (6,(2, 1),(2, 1),(1, 1),(1, 1),(0, 0),(0, 0),),
1410 : (5,(1, 1),(2, 0),(0, 0),(1, 1),(0, 0),),
1412 : (5,(2, 1),(1, 1),(1, 1),(0, 0),(0, 0),),
1416 : (5,(0, 1),(1, 1),(1, 1),(0, 1),(0, 1),),
1424 : (4,(1, 1),(1, 1),(0, 0),(0, 0),),
1440 : (4,(1, 1),(0, 0),(1, 1),(0, 0),),
1472 : (4,(0, 0),(1, 0),(0, 0),(1, 0),),
1539 : (5,(0, 1),(1, 1),(2, 0),(2, 0),(0, 1),),
1541 : (4,(0, 1),(0, 1),(2, 1),(2, 1),),
1542 : (6,(0, 1),(1, 1),(2, 1),(2, 1),(0, 1),(2, 1),),
1545 : (6,(0, 1),(1, 0),(2, 0),(1, 1),(2, 0),(0, 1),),
1546 : (5,(0, 1),(1, 0),(2, 0),(1, 1),(0, 1),),
1548 : (4,(0, 1),(1, 1),(0, 1),(2, 1),),
1553 : (6,(2, 1),(0, 1),(2, 1),(1, 1),(2, 1),(0, 1),),
1554 : (5,(1, 0),(1, 0),(0, 0),(2, 0),(0, 0),),
1556 : (5,(1, 1),(0, 0),(0, 0),(2, 1),(1, 0),),
1560 : (6,(0, 1),(1, 0),(0, 1),(0, 1),(1, 1),(0, 1),),
1569 : (5,(2, 0),(2, 0),(0, 1),(1, 1),(0, 1),),
1570 : (4,(2, 0),(0, 1),(1, 1),(0, 1),),
1572 : (6,(2, 1),(2, 1),(2, 1),(0, 1),(1, 1),(0, 1),),
1576 : (3,(0, 1),(1, 1),(0, 1),),
1584 : (5,(2, 1),(2, 1),(0, 1),(1, 1),(0, 1),),
1601 : (5,(2, 1),(0, 1),(1, 1),(0, 1),(2, 1),),
1602 : (5,(1, 1),(0, 1),(1, 0),(2, 0),(0, 1),),
1604 : (5,(0, 1),(2, 1),(1, 1),(2, 1),(0, 1),),
1608 : (4,(0, 1),(1, 1),(2, 1),(0, 1),),
1616 : (5,(2, 1),(0, 1),(1, 1),(2, 1),(0, 1),),
1632 : (4,(2, 1),(0, 1),(1, 1),(0, 1),),
1665 : (5,(2, 1),(1, 0),(2, 1),(0, 0),(0, 0),),
1666 : (4,(1, 0),(2, 0),(0, 0),(0, 0),),
1668 : (4,(1, 0),(2, 1),(0, 0),(0, 0),),
1672 : (5,(0, 1),(1, 1),(2, 1),(0, 1),(0, 1),),
1680 : (4,(1, 0),(1, 0),(0, 0),(0, 0),),
1696 : (4,(0, 1),(1, 1),(0, 1),(0, 1),),
1728 : (5,(1, 1),(0, 1),(1, 0),(0, 1),(0, 1),),
1793 : (6,(0, 1),(1, 0),(2, 0),(1, 0),(2, 0),(0, 1),),
1794 : (6,(0, 1),(2, 0),(1, 1),(2, 1),(1, 1),(0, 1),),
1796 : (6,(0, 1),(2, 1),(1, 1),(2, 1),(1, 1),(0, 1),),
1800 : (6,(2, 0),(1, 0),(1, 0),(0, 1),(1, 1),(0, 1),),
1808 : (6,(2, 1),(1, 0),(1, 0),(0, 1),(1, 1),(0, 1),),
1824 : (5,(0, 1),(2, 1),(1, 1),(1, 1),(0, 1),),
1856 : (5,(1, 0),(1, 0),(0, 1),(1, 1),(0, 1),),
1920 : (5,(1, 0),(0, 0),(1, 0),(1, 0),(0, 0),),
2055 : (4,(2, 1),(1, 0),(2, 1),(2, 1),),
2059 : (5,(2, 0),(1, 0),(2, 0),(0, 1),(1, 1),),
2061 : (4,(2, 0),(1, 0),(2, 0),(2, 0),),
2062 : (5,(2, 0),(2, 0),(0, 0),(1, 0),(2, 0),),
2067 : (4,(0, 0),(1, 0),(2, 0),(2, 0),),
2069 : (3,(1, 0),(2, 1),(2, 1),),
2070 : (5,(2, 0),(2, 0),(1, 0),(2, 0),(2, 0),),
2073 : (5,(1, 0),(2, 1),(0, 1),(2, 1),(1, 1),),
2074 : (4,(2, 1),(1, 0),(2, 0),(2, 0),),
2076 : (4,(2, 1),(0, 0),(1, 0),(2, 0),),
2083 : (5,(1, 1),(1, 1),(1, 1),(2, 0),(2, 0),),
2085 : (5,(2, 1),(1, 1),(1, 1),(2, 1),(1, 1),),
2086 : (7,(2, 0),(1, 0),(2, 1),(0, 1),(2, 1),(1, 1),(1, 1),),
2089 : (6,(1, 0),(2, 1),(0, 1),(2, 1),(1, 1),(1, 1),),
2090 : (5,(1, 0),(0, 1),(2, 0),(1, 1),(1, 1),),
2092 : (5,(1, 0),(0, 1),(2, 1),(1, 1),(1, 1),),
2097 : (6,(2, 1),(0, 1),(1, 1),(1, 1),(2, 1),(1, 1),),
2098 : (5,(1, 0),(1, 0),(0, 0),(1, 0),(2, 0),),
2100 : (4,(1, 1),(1, 1),(2, 1),(1, 1),),
2104 : (5,(1, 1),(1, 1),(2, 1),(0, 1),(1, 1),),
2115 : (3,(1, 0),(2, 0),(2, 0),),
2117 : (4,(0, 0),(2, 1),(2, 1),(1, 0),),
2118 : (5,(0, 0),(2, 0),(2, 0),(1, 0),(2, 0),),
2121 : (4,(2, 0),(0, 0),(1, 0),(2, 0),),
2122 : (4,(1, 0),(2, 0),(0, 1),(1, 1),),
2124 : (5,(1, 0),(1, 0),(2, 1),(1, 1),(1, 1),),
2129 : (5,(0, 1),(2, 1),(0, 0),(2, 1),(1, 0),),
2130 : (3,(0, 0),(1, 0),(2, 0),),
2132 : (4,(1, 0),(1, 0),(2, 1),(1, 1),),
2136 : (3,(0, 0),(2, 0),(1, 0),),
2145 : (6,(2, 1),(1, 0),(0, 1),(2, 1),(1, 1),(1, 1),),
2146 : (6,(1, 1),(0, 0),(1, 1),(1, 1),(2, 0),(0, 1),),
2148 : (5,(0, 1),(1, 1),(1, 1),(2, 1),(1, 1),),
2152 : (5,(1, 0),(0, 0),(1, 1),(1, 1),(0, 1),),
2160 : (5,(2, 0),(1, 1),(1, 1),(2, 1),(1, 1),),
2179 : (5,(2, 1),(2, 1),(2, 1),(0, 0),(1, 0),),
2181 : (4,(2, 1),(2, 1),(0, 0),(1, 0),),
2182 : (5,(2, 1),(2, 1),(0, 0),(2, 1),(1, 0),),
2185 : (6,(2, 0),(0, 0),(0, 0),(1, 0),(2, 0),(0, 1),),
2186 : (4,(2, 0),(2, 0),(0, 0),(1, 0),),
2188 : (5,(2, 1),(0, 0),(0, 0),(1, 0),(2, 0),),
2193 : (4,(2, 1),(0, 0),(2, 1),(1, 0),),
2194 : (4,(0, 0),(0, 0),(1, 0),(2, 0),),
2196 : (3,(2, 1),(0, 0),(1, 0),),
2200 : (4,(2, 0),(0, 0),(2, 1),(1, 0),),
2209 : (6,(2, 1),(1, 1),(1, 1),(2, 1),(1, 1),(0, 0),),
2210 : (5,(1, 1),(1, 1),(2, 0),(1, 1),(0, 0),),
2212 : (5,(1, 1),(1, 1),(2, 1),(1, 1),(0, 0),),
2216 : (5,(1, 0),(1, 0),(0, 0),(1, 0),(1, 0),),
2224 : (4,(1, 0),(1, 0),(0, 0),(1, 0),),
2241 : (5,(1, 0),(2, 0),(1, 0),(2, 0),(0, 0),),
2242 : (5,(0, 0),(0, 0),(1, 0),(2, 0),(0, 1),),
2244 : (3,(0, 0),(2, 1),(1, 0),),
2248 : (3,(2, 0),(0, 0),(1, 0),),
2256 : (2,(0, 0),(1, 0),),
2272 : (5,(2, 0),(1, 0),(1, 0),(0, 0),(1, 0),),
2307 : (5,(2, 0),(1, 1),(2, 0),(1, 1),(1, 1),),
2309 : (4,(2, 1),(1, 0),(2, 1),(1, 0),),
2310 : (5,(1, 0),(2, 0),(2, 0),(1, 0),(2, 0),),
2313 : (5,(2, 0),(1, 0),(2, 0),(2, 0),(1, 0),),
2314 : (4,(1, 1),(2, 0),(1, 1),(1, 1),),
2316 : (4,(1, 1),(2, 1),(1, 1),(1, 1),),
2321 : (5,(1, 1),(2, 1),(2, 1),(1, 1),(1, 1),),
2322 : (5,(1, 0),(0, 0),(1, 0),(2, 0),(0, 1),),
2324 : (3,(1, 0),(2, 1),(1, 0),),
2328 : (5,(1, 1),(1, 1),(0, 0),(1, 1),(0, 1),),
2337 : (5,(2, 1),(2, 1),(1, 1),(1, 1),(1, 1),),
2338 : (4,(1, 1),(1, 1),(2, 0),(1, 1),),
2340 : (4,(2, 1),(1, 1),(1, 1),(1, 1),),
2344 : (4,(1, 1),(1, 1),(0, 1),(1, 1),),
2352 : (3,(1, 1),(1, 1),(1, 1),),
2369 : (4,(1, 0),(2, 0),(1, 0),(2, 0),),
2370 : (4,(1, 0),(2, 0),(2, 0),(1, 0),),
2372 : (4,(0, 0),(2, 1),(1, 0),(1, 0),),
2376 : (5,(2, 1),(1, 1),(2, 0),(1, 1),(1, 1),),
2384 : (4,(0, 0),(2, 0),(1, 0),(1, 0),),
2400 : (4,(0, 1),(1, 1),(1, 1),(1, 1),),
2433 : (5,(2, 1),(0, 0),(1, 0),(2, 1),(1, 0),),
2434 : (5,(1, 1),(1, 1),(1, 1),(2, 0),(0, 0),),
2436 : (4,(0, 0),(1, 0),(2, 1),(1, 0),),
2440 : (4,(2, 0),(0, 0),(1, 0),(1, 0),),
2448 : (4,(1, 1),(1, 1),(1, 1),(0, 0),),
2464 : (4,(1, 1),(0, 0),(1, 1),(1, 1),),
2496 : (3,(0, 0),(1, 0),(1, 0),),
2563 : (4,(2, 1),(2, 1),(2, 1),(1, 0),),
2565 : (3,(2, 1),(2, 1),(1, 0),),
2566 : (4,(2, 0),(2, 0),(1, 0),(2, 0),),
2569 : (3,(2, 0),(1, 0),(2, 0),),
2570 : (3,(2, 0),(2, 0),(1, 0),),
2572 : (4,(1, 0),(0, 1),(2, 1),(1, 1),),
2577 : (5,(2, 1),(1, 1),(2, 1),(1, 0),(1, 0),),
2578 : (4,(0, 0),(1, 0),(2, 0),(0, 1),),
2580 : (2,(2, 1),(1, 0),),
2584 : (3,(2, 1),(1, 0),(2, 0),),
2593 : (6,(2, 1),(1, 1),(1, 1),(2, 1),(1, 1),(1, 1),),
2594 : (5,(1, 1),(1, 1),(2, 0),(1, 1),(1, 1),),
2596 : (5,(1, 1),(1, 1),(2, 1),(1, 1),(1, 1),),
2600 : (6,(1, 0),(0, 1),(1, 1),(0, 0),(1, 1),(0, 1),),
2608 : (5,(1, 0),(1, 0),(0, 0),(2, 0),(1, 0),),
2625 : (5,(2, 0),(0, 0),(1, 0),(2, 0),(0, 1),),
2626 : (2,(1, 0),(2, 0),),
2628 : (4,(1, 1),(2, 1),(1, 0),(1, 0),),
2632 : (2,(2, 0),(1, 0),),
2640 : (1,(1, 0),),
2656 : (5,(1, 1),(2, 0),(2, 0),(1, 0),(1, 0),),
2689 : (5,(2, 1),(2, 1),(1, 0),(1, 0),(0, 0),),
2690 : (4,(1, 0),(1, 0),(2, 0),(0, 0),),
2692 : (4,(2, 1),(1, 0),(1, 0),(0, 0),),
2696 : (4,(1, 1),(0, 0),(1, 0),(1, 0),),
2704 : (3,(1, 0),(1, 0),(0, 0),),
2720 : (5,(1, 0),(2, 0),(1, 0),(0, 0),(1, 0),),
2752 : (4,(0, 0),(2, 1),(1, 0),(0, 1),),
2817 : (4,(2, 1),(2, 1),(1, 0),(1, 0),),
2818 : (3,(1, 0),(1, 0),(2, 0),),
2820 : (3,(2, 1),(1, 0),(1, 0),),
2824 : (4,(2, 0),(2, 0),(1, 0),(1, 0),),
2832 : (2,(1, 0),(1, 0),),
2848 : (4,(1, 0),(2, 0),(1, 0),(1, 0),),
2880 : (3,(2, 0),(1, 0),(1, 0),),
2944 : (5,(1, 0),(0, 0),(2, 1),(1, 0),(0, 1),),
3075 : (5,(0, 1),(1, 0),(2, 0),(2, 0),(0, 1),),
3077 : (5,(0, 0),(2, 1),(2, 1),(0, 0),(1, 0),),
3078 : (6,(2, 0),(0, 1),(2, 0),(1, 0),(2, 0),(0, 1),),
3081 : (5,(0, 1),(2, 0),(1, 0),(2, 0),(0, 1),),
3082 : (5,(2, 0),(1, 0),(0, 1),(1, 1),(0, 1),),
3084 : (6,(0, 1),(1, 0),(0, 1),(0, 1),(2, 1),(1, 1),),
3089 : (6,(2, 1),(0, 1),(1, 0),(2, 1),(2, 1),(0, 1),),
3090 : (6,(0, 1),(0, 1),(0, 1),(1, 0),(2, 0),(0, 1),),
3092 : (4,(0, 0),(0, 0),(2, 1),(1, 0),),
3096 : (4,(0, 0),(2, 0),(0, 0),(1, 0),),
3105 : (7,(1, 1),(2, 0),(1, 1),(2, 0),(0, 1),(1, 1),(0, 1),),
3106 : (6,(1, 1),(0, 1),(1, 1),(1, 1),(2, 0),(0, 1),),
3108 : (6,(1, 1),(0, 0),(1, 1),(2, 1),(1, 1),(0, 0),),
3112 : (6,(1, 1),(1, 1),(2, 1),(0, 1),(1, 1),(0, 1),),
3120 : (6,(0, 0),(2, 0),(1, 0),(1, 0),(0, 0),(1, 0),),
3137 : (5,(0, 1),(2, 1),(0, 1),(2, 1),(1, 0),),
3138 : (5,(0, 0),(1, 0),(1, 0),(2, 0),(0, 0),),
3140 : (5,(0, 1),(1, 0),(2, 1),(2, 1),(0, 1),),
3144 : (4,(1, 0),(0, 1),(1, 1),(0, 1),),
3152 : (5,(2, 1),(1, 0),(0, 1),(1, 1),(0, 1),),
3168 : (6,(0, 1),(1, 1),(1, 1),(2, 1),(1, 1),(0, 1),),
3201 : (5,(2, 1),(2, 1),(0, 0),(0, 0),(1, 0),),
3202 : (5,(0, 1),(1, 0),(2, 0),(0, 1),(0, 1),),
3204 : (4,(2, 1),(0, 0),(0, 0),(1, 0),),
3208 : (5,(1, 0),(0, 1),(1, 1),(0, 1),(0, 1),),
3216 : (3,(0, 0),(0, 0),(1, 0),),
3232 : (5,(0, 0),(1, 0),(1, 0),(0, 0),(1, 0),),
3264 : (4,(0, 0),(1, 0),(1, 0),(0, 0),),
3329 : (6,(2, 0),(1, 0),(0, 1),(1, 0),(2, 0),(0, 1),),
3330 : (5,(1, 0),(0, 1),(1, 0),(2, 0),(0, 1),),
3332 : (5,(2, 1),(0, 0),(0, 0),(1, 0),(1, 0),),
3336 : (5,(1, 1),(1, 1),(0, 1),(1, 1),(0, 1),),
3344 : (4,(0, 0),(0, 0),(1, 0),(1, 0),),
3360 : (5,(1, 1),(0, 1),(1, 1),(1, 1),(0, 1),),
3392 : (5,(0, 1),(1, 0),(2, 1),(1, 0),(0, 1),),
3456 : (5,(1, 0),(0, 1),(1, 0),(0, 1),(0, 1),),
3585 : (5,(2, 0),(0, 1),(1, 0),(2, 0),(0, 1),),
3586 : (4,(0, 1),(1, 0),(2, 0),(0, 1),),
3588 : (4,(0, 1),(0, 1),(2, 1),(1, 0),),
3592 : (5,(1, 0),(2, 1),(0, 1),(1, 1),(0, 1),),
3600 : (5,(1, 1),(0, 0),(0, 0),(1, 0),(1, 0),),
3616 : (6,(1, 1),(1, 1),(1, 1),(0, 1),(1, 1),(0, 1),),
3648 : (5,(1, 0),(0, 1),(1, 1),(2, 1),(0, 1),),
3712 : (4,(0, 1),(1, 0),(0, 1),(0, 1),),
3840 : (4,(0, 1),(0, 1),(1, 0),(1, 0),),
4103 : (4,(0, 1),(2, 1),(2, 1),(2, 1),),
4107 : (3,(0, 1),(2, 0),(2, 0),),
4109 : (4,(1, 1),(0, 1),(2, 1),(2, 1),),
4110 : (5,(2, 1),(2, 1),(0, 1),(2, 1),(2, 1),),
4115 : (4,(2, 1),(0, 1),(2, 1),(2, 1),),
4117 : (5,(2, 1),(2, 1),(1, 1),(2, 1),(0, 1),),
4118 : (5,(2, 1),(2, 1),(1, 1),(0, 1),(2, 1),),
4121 : (5,(0, 1),(2, 0),(1, 0),(2, 0),(0, 0),),
4122 : (4,(2, 0),(1, 1),(0, 1),(2, 1),),
4124 : (4,(2, 0),(0, 1),(2, 1),(2, 1),),
4131 : (4,(2, 0),(2, 0),(1, 1),(0, 1),),
4133 : (5,(2, 1),(2, 1),(2, 1),(1, 1),(0, 1),),
4134 : (5,(2, 0),(2, 0),(1, 1),(2, 0),(0, 1),),
4137 : (4,(2, 0),(1, 1),(2, 0),(0, 1),),
4138 : (3,(2, 0),(1, 1),(0, 1),),
4140 : (4,(1, 1),(1, 1),(0, 1),(2, 1),),
4145 : (6,(2, 1),(2, 1),(1, 1),(1, 1),(2, 1),(0, 1),),
4146 : (5,(2, 0),(1, 1),(1, 1),(0, 1),(2, 1),),
4148 : (4,(2, 1),(2, 1),(1, 1),(0, 1),),
4152 : (4,(1, 1),(1, 1),(2, 1),(0, 1),),
4163 : (4,(1, 1),(2, 0),(2, 0),(0, 1),),
4165 : (3,(0, 1),(2, 1),(2, 1),),
4166 : (5,(1, 1),(2, 1),(2, 1),(0, 1),(2, 1),),
4169 : (5,(1, 0),(2, 0),(1, 1),(2, 0),(0, 1),),
4170 : (4,(1, 0),(2, 0),(1, 1),(0, 1),),
4172 : (3,(1, 1),(0, 1),(2, 1),),
4177 : (4,(2, 1),(1, 1),(0, 1),(2, 1),),
4178 : (5,(0, 1),(0, 1),(2, 0),(0, 0),(0, 0),),
4180 : (4,(2, 1),(1, 1),(2, 1),(0, 1),),
4184 : (3,(1, 1),(2, 1),(0, 1),),
4193 : (5,(0, 1),(2, 1),(0, 1),(2, 1),(1, 1),),
4194 : (3,(1, 1),(2, 0),(0, 1),),
4196 : (5,(2, 1),(1, 1),(1, 1),(2, 1),(0, 1),),
4200 : (2,(1, 1),(0, 1),),
4208 : (3,(2, 1),(1, 1),(0, 1),),
4227 : (5,(2, 0),(0, 0),(0, 0),(2, 0),(0, 0),),
4229 : (5,(0, 1),(0, 1),(0, 1),(2, 1),(2, 1),),
4230 : (7,(2, 1),(0, 1),(2, 1),(1, 0),(2, 1),(0, 0),(0, 0),),
4233 : (6,(2, 0),(1, 0),(0, 0),(0, 0),(2, 0),(0, 0),),
4234 : (4,(0, 0),(0, 0),(2, 0),(0, 0),),
4236 : (5,(0, 1),(0, 1),(1, 1),(0, 1),(2, 1),),
4241 : (6,(0, 1),(2, 1),(1, 0),(2, 1),(0, 0),(0, 0),),
4242 : (5,(0, 1),(1, 0),(2, 0),(0, 0),(0, 0),),
4244 : (5,(0, 1),(1, 0),(2, 1),(0, 0),(0, 0),),
4248 : (5,(0, 0),(0, 0),(2, 0),(1, 0),(0, 0),),
4257 : (6,(2, 0),(2, 0),(0, 1),(0, 1),(1, 1),(0, 1),),
4258 : (5,(2, 0),(0, 1),(0, 1),(1, 1),(0, 1),),
4260 : (5,(0, 0),(0, 0),(2, 1),(1, 1),(0, 0),),
4264 : (4,(0, 1),(0, 1),(1, 1),(0, 1),),
4272 : (5,(0, 1),(0, 1),(1, 1),(0, 1),(0, 1),),
4289 : (6,(2, 0),(0, 1),(1, 0),(2, 0),(0, 0),(0, 0),),
4290 : (5,(1, 0),(0, 0),(0, 0),(2, 0),(0, 0),),
4292 : (6,(1, 1),(0, 0),(0, 0),(2, 1),(0, 0),(0, 0),),
4296 : (5,(1, 0),(0, 1),(0, 1),(1, 1),(0, 1),),
4304 : (5,(0, 1),(1, 0),(1, 0),(0, 0),(0, 0),),
4320 : (5,(2, 1),(0, 1),(0, 1),(1, 1),(0, 1),),
4355 : (5,(1, 1),(2, 0),(2, 0),(1, 1),(0, 1),),
4357 : (5,(1, 0),(0, 1),(2, 1),(2, 1),(1, 0),),
4358 : (6,(1, 1),(2, 0),(2, 0),(1, 1),(2, 0),(0, 1),),
4361 : (6,(2, 0),(2, 0),(1, 1),(2, 1),(1, 1),(0, 1),),
4362 : (4,(1, 1),(1, 1),(2, 0),(0, 1),),
4364 : (6,(1, 1),(2, 1),(1, 1),(1, 1),(2, 1),(0, 1),),
4369 : (5,(1, 0),(2, 1),(0, 1),(2, 1),(1, 0),),
4370 : (6,(0, 0),(1, 1),(2, 0),(0, 1),(1, 1),(0, 1),),
4372 : (5,(1, 1),(2, 1),(2, 1),(1, 1),(0, 1),),
4376 : (4,(1, 1),(2, 1),(1, 1),(0, 1),),
4385 : (5,(2, 0),(2, 0),(1, 1),(1, 1),(0, 1),),
4386 : (4,(2, 0),(1, 1),(1, 1),(0, 1),),
4388 : (5,(0, 1),(0, 1),(2, 1),(1, 1),(1, 1),),
4392 : (3,(1, 1),(1, 1),(0, 1),),
4400 : (5,(0, 0),(1, 1),(0, 1),(1, 1),(0, 1),),
4417 : (5,(1, 0),(2, 0),(1, 0),(2, 0),(0, 1),),
4418 : (5,(2, 0),(1, 1),(2, 1),(1, 1),(0, 1),),
4420 : (5,(2, 1),(1, 1),(2, 1),(1, 1),(0, 1),),
4424 : (5,(1, 1),(1, 1),(2, 0),(1, 0),(0, 1),),
4432 : (4,(0, 1),(1, 0),(0, 0),(1, 0),),
4448 : (4,(2, 1),(1, 1),(1, 1),(0, 1),),
4481 : (7,(2, 0),(1, 1),(2, 0),(0, 1),(0, 1),(1, 1),(0, 1),),
4482 : (6,(1, 1),(2, 0),(0, 1),(0, 1),(1, 1),(0, 1),),
4484 : (6,(1, 1),(0, 0),(0, 0),(2, 1),(1, 1),(0, 0),),
4488 : (6,(1, 1),(2, 1),(0, 1),(0, 1),(1, 1),(0, 1),),
4496 : (6,(1, 1),(0, 1),(0, 1),(1, 1),(0, 1),(0, 1),),
4512 : (5,(1, 1),(0, 1),(0, 1),(1, 1),(0, 1),),
4544 : (6,(1, 1),(0, 0),(2, 1),(1, 1),(0, 1),(0, 1),),
4611 : (3,(2, 0),(2, 0),(0, 1),),
4613 : (4,(2, 1),(2, 1),(2, 1),(0, 1),),
4614 : (4,(2, 1),(2, 1),(0, 1),(2, 1),),
4617 : (5,(2, 0),(0, 0),(2, 0),(0, 1),(0, 1),),
4618 : (2,(2, 0),(0, 1),),
4620 : (4,(1, 1),(0, 1),(2, 1),(1, 0),),
4625 : (3,(2, 1),(0, 1),(2, 1),),
4626 : (4,(0, 1),(1, 0),(2, 0),(0, 0),),
4628 : (3,(2, 1),(2, 1),(0, 1),),
4632 : (3,(2, 0),(0, 1),(2, 1),),
4641 : (5,(1, 1),(2, 0),(1, 0),(2, 0),(0, 1),),
4642 : (4,(2, 0),(0, 1),(0, 1),(1, 1),),
4644 : (4,(0, 1),(0, 1),(2, 1),(1, 1),),
4648 : (3,(0, 1),(0, 1),(1, 1),),
4656 : (4,(0, 0),(1, 1),(0, 1),(0, 1),),
4673 : (5,(0, 0),(2, 0),(2, 0),(0, 1),(0, 1),),
4674 : (4,(0, 0),(2, 0),(0, 1),(0, 1),),
4676 : (2,(0, 1),(2, 1),),
4680 : (1,(0, 1),),
4688 : (2,(2, 1),(0, 1),),
4704 : (4,(1, 1),(2, 0),(1, 0),(0, 1),),
4737 : (6,(0, 0),(2, 1),(0, 1),(2, 1),(2, 1),(0, 1),),
4738 : (5,(0, 0),(0, 0),(2, 0),(0, 0),(0, 0),),
4740 : (5,(0, 0),(0, 0),(2, 1),(0, 0),(0, 0),),
4744 : (5,(0, 1),(0, 1),(1, 1),(2, 1),(0, 1),),
4752 : (6,(1, 1),(0, 1),(0, 1),(1, 0),(0, 1),(0, 1),),
4768 : (5,(0, 0),(2, 1),(1, 1),(0, 1),(0, 1),),
4800 : (5,(0, 0),(2, 1),(2, 1),(0, 1),(0, 1),),
4865 : (5,(2, 0),(1, 0),(1, 0),(2, 0),(0, 1),),
4866 : (4,(1, 0),(1, 0),(2, 0),(0, 1),),
4868 : (4,(1, 0),(0, 1),(2, 1),(1, 0),),
4872 : (5,(0, 0),(1, 1),(1, 1),(0, 1),(0, 1),),
4880 : (5,(1, 0),(0, 1),(1, 0),(1, 0),(0, 0),),
4896 : (4,(1, 0),(0, 1),(1, 0),(1, 0),),
4928 : (5,(0, 0),(1, 0),(1, 0),(0, 1),(0, 1),),
4992 : (6,(0, 0),(1, 1),(2, 1),(1, 1),(0, 1),(0, 1),),
5123 : (4,(2, 0),(0, 1),(2, 0),(0, 1),),
5125 : (5,(0, 1),(2, 1),(2, 1),(2, 1),(0, 1),),
5126 : (5,(0, 1),(2, 1),(2, 1),(0, 1),(2, 1),),
5129 : (5,(2, 0),(1, 1),(2, 0),(0, 1),(0, 1),),
5130 : (3,(0, 1),(2, 0),(0, 1),),
5132 : (5,(1, 1),(0, 1),(2, 1),(2, 1),(0, 1),),
5137 : (5,(2, 1),(0, 1),(2, 1),(2, 1),(0, 1),),
5138 : (4,(0, 0),(2, 0),(0, 0),(0, 0),),
5140 : (4,(0, 0),(2, 1),(0, 0),(0, 0),),
5144 : (5,(1, 0),(2, 1),(1, 1),(0, 1),(0, 1),),
5153 : (5,(2, 0),(1, 1),(0, 1),(2, 0),(0, 1),),
5154 : (4,(1, 1),(0, 1),(2, 0),(0, 1),),
5156 : (5,(2, 1),(2, 1),(1, 1),(0, 1),(0, 1),),
5160 : (4,(2, 0),(1, 1),(0, 1),(0, 1),),
5168 : (4,(2, 1),(1, 1),(0, 1),(0, 1),),
5185 : (4,(0, 1),(2, 1),(0, 1),(2, 1),),
5186 : (4,(1, 1),(2, 0),(0, 1),(0, 1),),
5188 : (4,(0, 1),(2, 1),(2, 1),(0, 1),),
5192 : (4,(1, 1),(2, 1),(0, 1),(0, 1),),
5200 : (5,(2, 1),(1, 1),(2, 1),(0, 1),(0, 1),),
5216 : (3,(1, 1),(0, 1),(0, 1),),
5249 : (5,(2, 0),(2, 0),(0, 1),(0, 1),(0, 1),),
5250 : (4,(2, 0),(0, 1),(0, 1),(0, 1),),
5252 : (4,(0, 0),(0, 0),(2, 1),(0, 0),),
5256 : (3,(0, 1),(0, 1),(0, 1),),
5264 : (4,(0, 0),(1, 0),(0, 0),(0, 0),),
5280 : (4,(1, 1),(0, 1),(0, 1),(0, 1),),
5312 : (4,(1, 0),(0, 1),(0, 1),(0, 1),),
5377 : (6,(2, 0),(2, 0),(1, 1),(1, 1),(0, 1),(0, 1),),
5378 : (5,(2, 0),(1, 1),(1, 1),(0, 1),(0, 1),),
5380 : (5,(0, 1),(1, 0),(0, 1),(2, 1),(1, 0),),
5384 : (4,(1, 1),(1, 1),(0, 1),(0, 1),),
5392 : (5,(1, 1),(2, 1),(1, 1),(0, 1),(0, 1),),
5408 : (5,(1, 1),(2, 0),(1, 1),(0, 1),(0, 1),),
5440 : (5,(2, 1),(1, 1),(1, 1),(0, 1),(0, 1),),
5504 : (5,(1, 1),(1, 1),(0, 1),(0, 1),(0, 1),),
5633 : (4,(2, 0),(2, 0),(0, 1),(0, 1),),
5634 : (3,(2, 0),(0, 1),(0, 1),),
5636 : (3,(0, 1),(0, 1),(2, 1),),
5640 : (2,(0, 1),(0, 1),),
5648 : (4,(2, 1),(2, 1),(0, 1),(0, 1),),
5664 : (5,(0, 0),(1, 1),(0, 1),(0, 1),(0, 1),),
5696 : (3,(2, 1),(0, 1),(0, 1),),
5760 : (4,(0, 1),(2, 1),(0, 1),(0, 1),),
5888 : (4,(1, 0),(1, 0),(0, 1),(0, 1),),
6147 : (4,(1, 0),(2, 0),(2, 0),(0, 1),),
6149 : (4,(0, 1),(2, 1),(2, 1),(1, 0),),
6150 : (5,(2, 0),(2, 0),(1, 0),(2, 0),(0, 1),),
6153 : (4,(2, 0),(1, 0),(2, 0),(0, 1),),
6154 : (4,(0, 1),(2, 0),(2, 0),(1, 0),),
6156 : (5,(1, 0),(0, 1),(0, 1),(2, 1),(1, 1),),
6161 : (4,(2, 1),(0, 1),(2, 1),(1, 0),),
6162 : (5,(1, 0),(0, 1),(1, 0),(2, 0),(0, 0),),
6164 : (4,(1, 0),(2, 1),(2, 1),(0, 1),),
6168 : (4,(2, 1),(1, 0),(2, 0),(0, 1),),
6177 : (6,(2, 0),(1, 1),(1, 1),(1, 1),(2, 0),(0, 1),),
6178 : (5,(1, 1),(1, 1),(1, 1),(2, 0),(0, 1),),
6180 : (5,(1, 0),(1, 0),(0, 1),(2, 1),(1, 0),),
6184 : (5,(1, 0),(1, 0),(0, 1),(1, 0),(1, 0),),
6192 : (5,(1, 1),(1, 1),(2, 1),(1, 1),(0, 1),),
6209 : (6,(1, 0),(2, 0),(0, 0),(2, 0),(0, 1),(0, 1),),
6210 : (3,(1, 0),(2, 0),(0, 1),),
6212 : (3,(0, 1),(2, 1),(1, 0),),
6216 : (4,(1, 0),(0, 1),(0, 1),(1, 1),),
6224 : (4,(0, 1),(1, 0),(1, 0),(0, 0),),
6240 : (6,(1, 1),(0, 0),(1, 1),(1, 1),(0, 1),(0, 1),),
6273 : (6,(2, 0),(0, 1),(0, 1),(1, 0),(2, 0),(0, 1),),
6274 : (5,(0, 1),(0, 1),(1, 0),(2, 0),(0, 1),),
6276 : (5,(0, 1),(0, 1),(0, 1),(2, 1),(1, 0),),
6280 : (5,(0, 0),(0, 0),(2, 0),(0, 0),(1, 0),),
6288 : (5,(0, 1),(0, 1),(1, 0),(0, 1),(0, 1),),
6304 : (7,(1, 0),(0, 0),(1, 1),(2, 1),(1, 1),(0, 1),(0, 1),),
6336 : (6,(2, 0),(0, 1),(0, 1),(1, 0),(0, 1),(0, 1),),
6401 : (5,(2, 1),(0, 1),(2, 1),(1, 0),(1, 0),),
6402 : (4,(1, 0),(0, 1),(1, 0),(2, 0),),
6404 : (4,(0, 1),(2, 1),(1, 0),(1, 0),),
6408 : (4,(2, 0),(0, 1),(1, 0),(1, 0),),
6416 : (4,(1, 0),(2, 1),(1, 0),(0, 1),),
6432 : (4,(1, 1),(1, 1),(1, 1),(0, 1),),
6464 : (3,(0, 1),(1, 0),(1, 0),),
6528 : (5,(0, 1),(0, 1),(0, 1),(1, 0),(1, 0),),
6657 : (4,(2, 1),(1, 0),(0, 1),(2, 1),),
6658 : (3,(0, 1),(1, 0),(2, 0),),
6660 : (3,(1, 0),(0, 1),(2, 1),),
6664 : (3,(2, 0),(1, 0),(0, 1),),
6672 : (3,(2, 1),(1, 0),(0, 1),),
6688 : (5,(1, 1),(2, 0),(0, 1),(1, 0),(1, 0),),
6720 : (2,(1, 0),(0, 1),),
6784 : (5,(0, 0),(2, 1),(1, 0),(0, 1),(0, 1),),
6912 : (3,(1, 0),(1, 0),(0, 1),),
7169 : (5,(2, 0),(1, 0),(2, 0),(0, 1),(0, 1),),
7170 : (4,(1, 0),(2, 0),(0, 1),(0, 1),),
7172 : (4,(1, 0),(0, 1),(0, 1),(2, 1),),
7176 : (4,(2, 0),(1, 0),(0, 1),(0, 1),),
7184 : (4,(2, 1),(1, 0),(0, 1),(0, 1),),
7200 : (5,(1, 1),(1, 1),(1, 1),(0, 1),(0, 1),),
7232 : (3,(1, 0),(0, 1),(0, 1),),
7296 : (4,(0, 1),(0, 1),(1, 0),(0, 1),),
7424 : (4,(1, 0),(0, 1),(1, 0),(0, 1),),
7680 : (3,(0, 1),(1, 0),(0, 1),),
}

def getSolution(state):
    h = 0
    for i in range(13):
        h = h * 2 + state[i];
    s = sols[h]
    print s[0]
    for i in xrange(1, len(s)):
        x, y = s[i]
        print '%d %d' % (x, y)

noTestCases = int(raw_input())
while noTestCases > 0:
    noTestCases -= 1
    start = [int(n) for n in list(raw_input())[:13]]
    getSolution(start)
