#include <stdio.h>
#include <string.h>
 
#define LOSS 	0
#define WIN 	1
 
static unsigned char matrix[1001][1001];
 
static unsigned int loss_coords[382][2] = {
2,1,5,3,7,4,10,6,13,8,15,9,18,11,20,12,23,14,26,16,28,17,31,19,34,21,36,22,39,24,41,25,44,27,
47,29,49,30,52,32,54,33,57,35,60,37,62,38,65,40,68,42,70,43,73,45,75,46,78,48,81,50,83,51,86,53,
89,55,91,56,94,58,96,59,99,61,102,63,104,64,107,66,109,67,112,69,115,71,117,72,120,74,123,76,125,77,128,79,
130,80,133,82,136,84,138,85,141,87,143,88,146,90,149,92,151,93,154,95,157,97,159,98,162,100,164,101,167,103,170,105,
172,106,175,108,178,110,180,111,183,113,185,114,188,116,191,118,193,119,196,121,198,122,201,124,204,126,206,127,209,129,212,131,
214,132,217,134,219,135,222,137,225,139,227,140,230,142,233,144,235,145,238,147,240,148,243,150,246,152,248,153,251,155,253,156,
256,158,259,160,261,161,264,163,267,165,269,166,272,168,274,169,277,171,280,173,282,174,285,176,287,177,290,179,293,181,295,182,
298,184,301,186,303,187,306,189,308,190,311,192,314,194,316,195,319,197,322,199,324,200,327,202,329,203,332,205,335,207,337,208,
340,210,342,211,345,213,348,215,350,216,353,218,356,220,358,221,361,223,363,224,366,226,369,228,371,229,374,231,376,232,379,234,
382,236,384,237,387,239,390,241,392,242,395,244,397,245,400,247,403,249,405,250,408,252,411,254,413,255,416,257,418,258,421,260,
424,262,426,263,429,265,431,266,434,268,437,270,439,271,442,273,445,275,447,276,450,278,452,279,455,281,458,283,460,284,463,286,
466,288,468,289,471,291,473,292,476,294,479,296,481,297,484,299,486,300,489,302,492,304,494,305,497,307,500,309,502,310,505,312,
507,313,510,315,513,317,515,318,518,320,520,321,523,323,526,325,528,326,531,328,534,330,536,331,539,333,541,334,544,336,547,338,
549,339,552,341,555,343,557,344,560,346,562,347,565,349,568,351,570,352,573,354,575,355,578,357,581,359,583,360,586,362,589,364,
591,365,594,367,596,368,599,370,602,372,604,373,607,375,610,377,612,378,615,380,617,381,620,383,623,385,625,386,628,388,630,389,
633,391,636,393,638,394,641,396,644,398,646,399,649,401,651,402,654,404,657,406,659,407,662,409,664,410,667,412,670,414,672,415,
675,417,678,419,680,420,683,422,685,423,688,425,691,427,693,428,696,430,699,432,701,433,704,435,706,436,709,438,712,440,714,441,
717,443,719,444,722,446,725,448,727,449,730,451,733,453,735,454,738,456,740,457,743,459,746,461,748,462,751,464,753,465,756,467,
759,469,761,470,764,472,767,474,769,475,772,477,774,478,777,480,780,482,782,483,785,485,788,487,790,488,793,490,795,491,798,493,
801,495,803,496,806,498,808,499,811,501,814,503,816,504,819,506,822,508,824,509,827,511,829,512,832,514,835,516,837,517,840,519,
843,521,845,522,848,524,850,525,853,527,856,529,858,530,861,532,863,533,866,535,869,537,871,538,874,540,877,542,879,543,882,545,
884,546,887,548,890,550,892,551,895,553,897,554,900,556,903,558,905,559,908,561,911,563,913,564,916,566,918,567,921,569,924,571,
926,572,929,574,932,576,934,577,937,579,939,580,942,582,945,584,947,585,950,587,952,588,955,590,958,592,960,593,963,595,966,597,
968,598,971,600,973,601,976,603,979,605,981,606,984,608,986,609,989,611,992,613,994,614,997,616,1000,618
};
 
inline void read_num(int *num)
{
	*num = 0;
	char ch = getchar();
	while (ch < '0' && ch > '9')
		ch = getchar();
	do {
		*num = (*num<<3) + (*num<<1) + (ch-'0');
		ch = getchar();
	} while (ch >= '0' && ch <= '9');
}
 
int main(int argc, char** argv)
{
	int nbTestCases;
 
	int i;
	for (i=0; i<382; i++) {
		matrix[loss_coords[i][0]][loss_coords[i][1]] = WIN;
		matrix[loss_coords[i][1]][loss_coords[i][0]] = WIN;
	}
	read_num(&nbTestCases);
	while (nbTestCases--)
	{
		int m, n, p, q;
		scanf("%d%d%d%d", &m, &n, &p, &q);
 		m -= p; n-= q;
 		if (matrix[m][n] == LOSS) /* shifted */
			puts("Alice");
		else
			puts("Bob");
	}
 
	return 0;
}