def ggT(x,y):
	while x:
		x,y=y%x,x
	return y
 
x=[0,0,1,3,1,21,189,693,1,1,1,1,1,1,1,1,1,1,1,1,1,1,1,1,1,1,1,1,1,1,1,1,1,1,1,1,1,1,1,1,1,1,1,1,1,1,1,1,1,1,1,1,1,1,1,1,1,1,1,1,1,1,1,1,1,1,1,1,1,1,1,1,1,1,1,1,1,1,1,1,1,1,1,1,1,1,1,1,1,1,1,1,1,1,1,1,1,1,1,1,1,1,1,1,1,1,1,1,1,1,1,1,1,1,1,1,1,1,1,1,1,1,1,1,1,1,1,1,1,1,1,1,1,1,1,1,1,1,1,1,1,1,1,1,1,1,1,1,1,1,1,1,1,1,1,1,1,1,1,1,1]
y=[1,1,2,10,5,149,1826,8810,0,0,0,0,0,0,0,0,0,0,0,0,0,0,0,0,0,0,0,0,0,0,0,0,0,0,0,0,0,0,0,0,0,0,0,0,0,0,0,0,0,0,0,0,0,0,0,0,0,0,0,0,0,0,0,0,0,0,0,0,0,0,0,0,0,0,0,0,0,0,0,0,0,0,0,0,0,0,0,0,0,0,0,0,0,0,0,0,0,0,0,0,0,0,0,0,0,0,0,0,0,0,0,0,0,0,0,0,0,0,0,0,0,0,0,0,0,0,0,0,0,0,0,0,0,0,0,0,0,0,0,0,0,0,0,0,0,0,0,0,0,0,0,0,0,0,0,0,0,0,0,0,0]
for i in range(4,151):
	y[i]=2*(i-1)*y[i-1]*x[i-2]-y[i-2]*x[i-1]
	x[i]=x[i-1]*x[i-2]
	y[i]=y[i]+i*(i-1)*x[i]
	x[i]=x[i]*(2*i-3)
	g=ggT(y[i],x[i])
	y[i]=y[i]/g
	x[i]=x[i]/g
	y[i]=y[i]-x[i]
 
fall=input()
while fall>0:
	N=input()
	if x[N]==1:
		print y[N]
	else:
		print "%s/%s"%(y[N],x[N])
	fall=fall-1
  