#include <vector>
#include <list>
#include <map>
#include <set>
#include <queue>
#include <deque>
#include <stack>
#include <bitset>
#include <algorithm>
#include <functional>
#include <numeric>
#include <utility>
#include <sstream>
#include <iostream>
#include <iomanip>
#include <cstdio>
#include <cmath>
#include <cstdlib>
#include <ctime>
#include <sys/time.h>
#include <stdio.h>
#include <string.h>
 
using namespace std;
 
typedef pair<int,int> PII;
typedef vector<PII> VPII;
typedef vector<int> VI;
typedef vector<VI> VVI;
typedef long long LL;
typedef unsigned long long ULL;
typedef unsigned char BYTE;
 
#define FOR(i, n) for (int i = 0; i < (n); ++i)
#define FORU(i, s, e) for (int i = (s); i <= (e); ++i)
#define FORD(i, s, e) for (int i = (s); i >= (e); --i)
#define ALL(x) (x).begin(),(x).end()
#define FOREACH(i, v) for(__typeof((v).begin()) i = (v).begin(); i != (v).end(); ++i)
#define SIZE(x) ((int)(x).size())
#define MP make_pair
#define BIT(x, b) (((x) >> (b)) & 1)
#define DEBUG(x) cerr << #x << " = " << x << " at line " << __LINE__ << endl;
#define INF 1000000000
#define MAX_TIME 5
#define TIME_LEFT_UNTIL(end) ((curTime=getTime()-startTime) < (end))
#define TIME_LEFT() TIME_LEFT_UNTIL(MAX_TIME)
#define INIT_TIME() startTime = getTime();
//#define cerr while (0) cerr
 
double startTime, curTime;
 
inline double getTime () {
  timeval tv;
  gettimeofday(&tv, 0);
  return tv.tv_sec + tv.tv_usec * 1e-6;
}
 
#define SMALL 10000
int precomp[SMALL+1] = {0,2,3,2,3,2,5,2,3,2,3,10,5,3,6,2,3,2,5,18,3,2,10,3,5,4,3,2,3,4,9,2,7,2,4,6,5,6,4,12,3,5,4,6,10,2,4,46,7,6,7,2,3,52,8,4,3,5,28,4,9,6,5,2,7,2,10,5,3,22,9,7,5,2,6,14,18,10,5,78,3,8,3,5,11,2,6,28,5,8,14,3,6,2,46,18,11,8,5,2,3,10,16,102,5,4,52,2,11,5,21,6,3,8,5,22,28,6,9,2,11,3,11,6,5,4,5,2,7,2,3,10,21,11,66,6,9,136,8,138,13,6,3,12,11,9,8,20,6,148,4,3,18,2,6,11,5,7,78,52,3,10,8,162,3,2,6,166,13,12,4,7,6,3,28,24,15,11,6,178,14,10,3,13,22,6,5,16,11,2,4,6,7,12,3,2,13,6,17,11,7,66,10,3,16,12,102,7,15,6,11,8,3,70,7,4,5,6,9,2,19,7,10,222,3,14,15,8,7,12,22,2,10,3,17,4,9,78,16,14,19,12,3,8,3,34,5,18,13,82,7,8,5,12,126,2,15,2,42,6,8,13,10,262,7,12,11,14,8,268,17,7,10,2,13,24,8,11,7,30,3,14,5,282,8,7,15,13,11,4,12,9,7,292,20,14,36,2,148,11,7,6,12,10,18,4,33,7,8,9,11,310,5,2,7,20,3,316,9,28,19,7,22,10,17,2,12,108,3,46,21,15,11,8,166,7,20,9,12,112,13,2,5,6,7,22,9,346,28,8,12,14,21,10,11,9,88,4,17,358,19,15,12,10,3,2,11,366,22,16,36,52,5,4,12,17,15,11,5,13,37,2,9,10,23,6,12,2,11,388,8,9,13,4,14,78,21,18,8,11,3,16,66,2,10,13,8,36,5,4,9,136,3,58,8,18,25,16,13,9,27,11,8,46,10,4,17,2,9,32,8,13,11,16,6,12,14,9,5,438,21,4,21,2,10,88,8,12,3,16,14,18,15,150,10,2,7,13,228,12,17,4,32,8,9,11,232,15,5,18,13,2,58,9,10,24,6,4,14,8,23,16,9,12,3,22,26,8,3,162,34,490,9,4,10,2,13,15,5,11,24,9,250,8,5,10,14,12,126,4,9,2,7,2,4,10,42,46,6,9,14,11,28,13,3,10,21,15,9,22,4,12,11,19,5,10,13,9,268,48,26,18,15,11,31,10,4,21,14,13,24,22,19,23,11,9,138,15,30,18,3,2,4,562,5,10,282,12,7,568,29,19,3,22,9,10,11,18,16,192,12,20,4,9,72,2,292,11,13,21,19,14,9,592,5,10,148,17,4,23,29,9,6,66,12,14,10,606,3,19,9,46,33,18,4,40,10,15,102,9,30,11,23,88,5,24,5,13,9,36,4,17,11,2,316,126,10,9,28,22,12,20,16,11,3,2,9,14,17,24,4,5,12,13,11,130,3,8,16,658,29,14,15,38,12,9,4,28,18,222,66,60,27,21,9,14,5,26,15,96,7,20,4,9,35,19,10,11,7,14,16,23,3,2,21,138,10,24,4,17,12,5,38,14,18,22,13,10,15,11,9,78,12,30,23,21,17,2,4,9,11,20,16,15,19,12,5,10,3,8,3,14,11,17,4,6,21,10,15,738,18,20,52,11,7,13,372,10,33,12,4,25,46,15,11,26,5,3,13,14,23,12,19,108,190,2,4,10,15,24,34,2,192,12,42,30,11,6,21,40,29,5,33,15,3,12,130,4,14,262,78,112,32,22,18,52,198,10,11,21,7,8,14,4,66,34,5,26,10,11,13,27,18,15,36,22,14,24,10,2,3,12,20,13,102,32,25,826,10,23,14,5,31,12,138,16,13,22,10,4,29,21,11,2,14,12,46,3,10,282,13,16,17,852,11,4,5,12,10,22,42,6,20,13,31,11,18,16,6,28,12,4,14,8,3,23,11,876,10,292,39,22,12,16,18,26,5,4,10,13,88,2,27,46,12,19,31,28,10,16,14,25,13,2,15,21,12,4,226,10,3,5,7,24,14,13,228,130,12,10,11,17,20,4,32,22,21,102,13,10,12,11,232,19,15,54,5,3,17,4,46,13,11,40,23,8,27,16,78,10,37,2,6,11,12,4,14,32,29,10,31,5,20,16,3,192,12,13,7,10,14,19,17,27,486,2,3,976,12,10,13,28,20,982,40,14,5,11,37,10,12,4,22,13,6,16,82,996,11,10,9,10,12,3,250,66,13,4,35,11,21,16,43,14,22,12,5,8,508,1018,11,30,20,2,7,2,8,12,16,18,3,11,7,13,46,44,6,28,172,12,17,5,11,148,16,29,13,18,130,1048,34,12,21,11,15,14,43,2,22,13,16,1060,20,12,11,18,3,26,88,14,106,50,13,21,17,11,16,358,6,82,22,24,20,14,15,6,11,12,7,32,9,5,16,3,21,72,136,14,8,12,43,18,20,29,45,2,23,40,16,11,36,10,138,52,15,21,5,31,42,18,3,28,20,12,13,14,25,6,46,23,15,11,29,102,41,12,21,2,568,14,16,30,11,19,7,15,5,12,31,28,13,25,23,11,24,18,3,21,192,60,12,2,19,13,11,232,52,14,22,6,8,5,12,18,586,11,13,17,21,31,9,19,14,3,12,4,11,1186,16,27,13,18,148,2,17,238,5,11,23,21,7,25,24,13,16,15,66,70,11,18,3,6,22,1212,606,44,13,32,41,19,11,5,3,20,14,34,24,18,17,13,40,11,12,28,22,15,16,1236,14,58,39,2,8,20,12,17,5,42,29,3,15,138,5,6,37,13,7,19,36,34,41,28,17,18,11,4,14,23,12,46,9,40,31,2,24,11,3,5,22,17,12,13,640,20,106,2,11,38,33,28,23,30,12,34,13,6,17,6,24,432,18,16,5,20,21,12,29,13,11,76,15,56,3,17,8,262,46,2,18,11,13,30,14,20,27,15,21,5,82,12,11,10,11,6,31,29,14,190,222,3,15,12,60,20,22,28,13,17,336,16,14,27,5,12,18,270,15,58,96,23,9,34,226,20,14,2,3,1366,7,6,24,15,18,13,228,54,7,12,27,14,26,16,5,20,172,276,8,33,22,12,18,106,47,14,24,34,31,2,17,13,39,12,3,20,38,6,26,5,18,19,21,30,13,12,100,17,15,108,24,42,33,2,29,20,88,12,18,25,19,3,54,15,5,1432,238,14,35,12,13,1438,39,6,24,20,18,4,15,1446,19,14,9,13,21,2,726,22,3,5,8,1458,3,15,12,14,11,292,24,17,366,112,41,30,45,21,12,58,15,6,738,50,18,37,5,20,17,28,12,3,7,31,13,14,372,16,21,64,43,23,12,22,49,2,25,13,46,14,15,136,51,16,12,1510,5,28,3,21,13,40,17,6,23,15,12,20,19,4,108,25,190,138,8,30,382,2,12,17,15,5,24,2,43,27,16,13,7,4,12,14,42,36,3,10,17,1552,41,6,13,21,12,38,51,14,5,20,45,22,15,29,27,13,12,2,130,120,16,44,14,3,21,1578,78,19,12,20,43,33,17,5,18,226,14,6,37,58,796,12,11,15,28,21,7,32,25,17,3,106,16,12,13,22,24,8,5,23,26,84,100,48,14,2,17,13,16,540,20,4,28,6,43,37,162,12,14,32,13,38,23,17,16,39,3,21,5,12,20,46,14,13,102,27,49,2,25,22,16,12,7,15,24,23,13,10,21,6,20,32,26,3,138,1668,16,17,15,13,14,2,19,25,39,12,41,30,23,8,20,336,13,15,14,562,64,12,5,36,3,19,52,18,282,6,13,34,14,12,20,4,3,2,60,1708,28,30,7,13,19,12,14,5,16,22,7,40,17,41,20,21,13,12,11,12,9,24,15,3,16,34,55,31,28,13,17,6,5,82,14,348,21,15,45,38,16,18,13,1752,876,2,39,17,14,1758,3,32,15,22,20,13,16,56,21,18,26,10,5,14,17,70,7,6,13,24,88,136,16,33,20,4,35,2,148,21,19,13,15,32,28,39,3,5,57,2,29,14,25,24,13,4,85,22,15,66,19,27,150,6,37,14,33,13,100,106,9,35,5,3,20,17,82,8,456,14,13,2,7,46,39,366,50,34,15,612,45,18,17,13,20,44,41,5,19,6,3,22,21,15,102,52,13,14,29,17,11,31,30,16,20,27,23,19,15,88,13,14,5,21,26,24,17,18,5,2,46,10,33,13,20,4,3,29,7,23,44,35,27,17,21,16,13,270,15,8,26,38,316,5,20,19,28,1906,52,13,9,2,23,3,57,21,29,22,136,27,47,6,13,24,19,37,26,14,5,642,192,18,45,42,28,2,21,44,50,34,3,14,970,15,7,29,27,24,13,1948,18,39,3,5,976,14,162,21,15,16,48,13,19,6,20,4,982,2,18,41,14,8,57,15,13,16,51,38,5,3,54,19,30,660,14,32,18,13,15,50,28,10,11,1992,996,17,35,1996,14,6,7,40,10,15,18,20,3,16,5,48,41,2010,14,13,33,2,47,31,15,19,21,46,18,16,45,20,13,23,22,39,17,26,29,5,15,6,37,96,19,16,13,12,3,8,72,4,28,2,31,2,4,41,8,13,14,136,7,19,5,42,102,29,21,2062,7,20,13,24,14,3,68,6,16,23,28,34,18,66,25,13,33,17,14,5,520,20,148,2086,16,36,9,24,13,90,15,19,3,232,17,2098,49,35,28,25,16,13,53,6,5,15,14,2110,10,33,19,17,22,46,13,29,7,40,1060,192,8,20,1062,708,25,38,4,13,3,19,96,26,16,2136,5,15,106,31,50,6,13,2,21,37,18,17,49,43,14,25,15,430,48,13,28,3,22,26,27,5,540,20,17,14,16,15,13,35,19,52,41,74,7,29,25,2178,9,14,22,13,15,6,3,24,3,23,9,19,30,2,43,14,8,12,13,15,16,40,18,25,22,20,29,2206,47,14,4,24,23,5,15,41,16,17,1108,316,18,6,10,14,39,20,22,42,25,15,222,21,7,36,17,23,51,14,5,26,55,35,28,38,15,20,33,106,16,172,49,14,21,25,48,46,11,6,23,24,15,118,57,39,16,14,102,19,5,36,22,27,70,21,32,15,35,68,25,14,9,23,30,24,570,17,19,2286,7,2,4,26,22,5,21,37,3,41,27,120,49,46,17,25,23,15,32,14,24,2308,4,18,30,2,22,21,192,26,5,38,15,14,29,43,19,20,28,23,25,6,232,62,10,44,388,14,21,17,32,2338,8,36,30,5,7,16,35,18,34,14,15,29,27,12,17,28,24,21,22,336,58,16,19,138,14,6,43,262,5,26,9,17,30,23,1186,94,53,16,14,27,13,19,34,18,148,20,45,76,11,31,4,796,14,16,56,15,23,50,5,21,7,18,7,25,3,17,14,6,55,2,15,28,8,36,70,68,34,2416,61,18,14,26,17,5,100,15,20,808,24,346,53,45,30,27,14,486,57,18,19,17,3,16,10,6,33,47,20,22,5,36,34,7,24,25,408,15,17,2,39,2458,9,41,14,820,55,23,20,28,616,22,4,38,102,5,1236,54,14,33,25,6,37,40,31,21,8,36,15,27,23,16,14,18,30,276,57,19,29,39,5,26,7,15,41,2502,5,16,20,17,56,12,33,23,156,22,19,6,15,37,14,228,11,16,30,28,17,21,20,18,78,5,32,15,14,148,19,22,39,16,43,47,126,17,61,33,31,18,14,38,3,7,4,6,10,2,5,29,8,22,17,852,63,14,13,18,640,2,20,21,27,366,4,856,19,82,65,14,15,26,1288,5,23,18,30,62,29,38,16,6,21,14,69,15,17,48,6,27,24,44,7,112,18,22,16,14,5,42,15,28,162,21,17,45,30,29,39,522,108,14,16,96,24,15,27,22,43,41,20,17,37,19,6,14,55,47,5,28,15,8,1318,90,9,40,29,880,17,14,20,7,19,27,4,15,11,39,18,26,3,2656,32,5,69,2,10,28,11,12,6,19,24,46,88,29,18,14,190,33,27,2676,17,25,47,15,16,2682,5,44,19,14,34,22,18,28,3,2692,21,17,7,35,16,31,29,14,6,27,25,19,20,41,18,2,43,22,15,2712,16,14,24,142,150,23,67,40,32,388,19,108,18,15,61,14,4,39,35,22,5,546,21,38,6,82,24,33,15,14,13,14,16,28,41,2748,54,50,7,43,25,22,34,15,29,88,26,31,16,17,5,23,20,35,172,70,39,162,10,42,6,28,346,22,16,25,17,8,106,120,27,48,20,15,23,5,34,45,31,30,16,64,11,17,18,21,3,7,15,28,25,2,51,20,53,39,4,23,24,38,5,42,6,15,32,19,9,12,82,30,34,112,156,16,100,2,4,17,15,48,18,62,24,35,19,5,33,21,57,16,78,29,36,15,17,76,7,37,6,8,25,570,55,19,34,16,24,44,15,53,5,17,1432,20,47,150,18,41,35,33,29,16,19,15,1438,25,23,40,10,21,102,24,31,20,6,106,26,16,15,262,5,192,19,2896,62,7,17,50,1450,23,21,44,18,15,3,24,4,70,41,30,32,19,26,17,36,5,3,40,15,16,6,2,13,20,11,25,292,976,22,24,17,586,366,88,15,16,59,42,26,18,5,46,21,20,7,23,58,17,71,15,22,14,738,24,57,51,6,18,37,2962,56,39,38,20,15,5,65,16,19,2,27,84,22,12,32,18,148,24,70,15,372,17,1492,16,21,60,4,19,10,44,5,23,6,7,15,28,59,27,17,10,25,24,166,20,63,21,9,43,35,15,136,18,45,52,23,16,22,56,53,3022,5,42,36,20,3,19,21,432,378,18,73,16,17,44,6,49,75,23,22,15,39,86,7,20,19,5,60,16,108,17,25,27,47,1018,15,132,11,45,34,30,22,612,72,16,58,2,4,33,21,15,5,2,41,24,8,25,38,40,27,28,16,616,19,17,15,3088,102,280,772,30,21,618,34,43,26,5,9,24,7,15,17,18,29,20,13,27,6,28,51,10,172,21,16,35,15,3118,59,17,39,18,5,24,5,20,53,46,22,100,16,12,31,29,3,33,17,32,28,18,1570,19,130,84,6,20,15,24,8,7,22,30,82,4,23,21,41,18,78,39,19,27,15,14,1582,20,28,44,33,2,3,24,22,46,26,18,21,15,16,19,6,30,37,64,49,20,796,1062,9,55,11,29,15,18,16,24,34,21,7,50,26,23,88,25,36,17,20,15,106,168,16,18,51,642,66,27,6,2,21,24,8,10,15,52,23,31,16,3228,25,18,34,60,53,4,33,82,19,15,22,17,36,30,16,24,55,190,20,7,18,29,28,3252,15,25,73,35,17,3258,6,1086,21,250,63,48,34,32,18,15,33,27,23,30,1636,17,5,19,36,1092,3,41,40,21,15,72,18,53,20,12,13,47,16,24,8,23,6,156,7,15,34,44,126,30,18,25,22,57,16,17,330,76,43,46,15,2,51,24,23,42,31,80,18,3322,11,21,17,35,20,15,25,32,6,10,19,4,28,70,29,2,18,16,556,17,15,44,21,7,20,54,22,31,27,19,77,25,39,16,18,15,17,42,35,30,23,24,8,21,6,33,9,3370,19,16,15,14,15,17,562,27,25,52,31,198,38,26,36,23,3,16,112,19,28,30,17,22,7,29,43,102,67,50,33,42,6,16,27,3406,20,21,19,17,18,24,568,4,60,22,51,262,28,16,36,30,3,136,5,32,17,19,18,49,35,23,39,2,34,16,8,22,6,43,40,10,31,12,41,382,18,3448,68,21,7,16,156,25,11,48,12,32,9,22,17,26,432,62,18,19,20,16,346,34,13,39,192,31,28,44,57,23,17,58,6,2,18,16,19,27,20,26,348,32,96,21,36,4,75,17,38,53,69,7,18,112,28,19,31,166,20,120,8,45,39,29,17,26,292,16,6,68,18,44,40,32,19,23,47,22,20,49,25,17,3,16,24,57,21,31,18,34,117,26,29,19,442,708,196,3546,17,16,7,39,53,10,6,25,18,21,24,3558,28,1186,19,508,65,16,36,26,20,41,43,22,35,30,38,4,5,72,21,2,25,16,8,3582,63,14,162,32,11,46,6,2,57,18,23,4,61,58,16,7,19,45,36,1200,30,25,24,34,81,20,41,18,38,43,12,22,15,23,66,26,19,70,27,3622,150,124,6,49,37,18,16,55,226,17,30,46,100,22,36,19,3,21,35,3642,28,26,16,18,7,20,9,32,3,44,13,25,42,68,19,22,121,31,6,8,30,18,33,17,39,20,366,26,28,51,36,4,49,19,16,282,25,22,40,18,17,66,23,2,38,20,81,45,31,52,16,738,19,7,42,33,28,17,24,22,6,25,57,39,102,20,16,53,63,35,47,19,29,62,17,18,11,60,40,26,30,21,5,46,28,20,25,27,33,23,19,2,45,18,88,37,6,44,16,34,71,29,7,22,35,20,24,50,17,19,30,4,5,220,16,178,3,47,40,57,38,33,268,21,156,20,12,58,19,10,16,26,6,34,1888,23,62,25,36,35,28,27,43,17,21,20,16,18,78,48,270,14,55,52,24,130,75,26,7,29,17,760,16,8,47,18,19,32,6,22,30,41,31,53,35,46,57,17,16,49,39,23,45,18,65,19,9,2,29,3832,70,4,13,1278,16,27,28,48,40,32,30,18,24,3846,6,20,37,7,11,26,36,2,15,22,642,226,192,29,1930,18,33,46,27,19,3,20,24,16,17,1290,30,32,67,51,38,8,22,18,40,10,6,104,19,16,35,17,29,6,138,21,23,59,28,33,1948,556,7,50,22,16,3,19,5,32,42,20,31,46,162,34,21,43,38,23,18,16,9,49,40,17,19,28,12,6,51,20,33,25,982,68,30,4,18,48,41,32,17,31,24,19,67,58,22,27,29,7,42,2,75,28,18,112,21,17,35,106,65,37,19,6,30,64,24,16,22,20,49,32,18,136,17,74,53,29,21,41,39,25,19,16,11,48,23,442,996,20,18,17,38,10,30,84,11,54,7,2,79,19,40,31,10,14,25,4006,17,23,9,190,3,59,24,4,55,102,13,39,19,60,2010,8,30,17,18,61,27,33,20,16,23,48,22,6,1008,28,672,19,100,21,17,47,18,808,118,7,57,34,20,50,45,192,30,23,5,52,19,98,17,41,18,16,29,28,106,32,38,312,20,6,37,4072,96,162,42,17,22,16,18,25,12,21,30,94,226,24,26,56,20,4090,65,28,17,2,7,2,18,4098,9,23,41,372,21,54,25,36,78,27,20,17,256,6,10,19,18,34,42,58,3,28,22,132,23,21,55,31,11,48,20,25,32,35,18,24,27,47,44,4138,26,46,45,36,22,17,21,23,67,6,20,29,7,19,66,62,3,4156,31,24,42,2,17,27,32,84,22,21,35,378,18,96,19,43,30,39,71,28,2088,17,29,25,38,24,37,6,90,45,18,31,9,19,26,23,33,838,17,1398,2098,220,13,7,40,35,30,28,5,24,262,21,19,4210,77,17,39,14,23,27,26,34,31,6,63,102,10,4,44,33,32,19,17,24,22,28,30,58,55,222,12,29,23,53,40,18,26,282,192,17,19,59,7,21,1062,34,22,24,25,2,37,43,11,18,2130,23,3,52,41,19,29,1422,20,27,21,35,2136,74,22,45,47,18,9,17,31,4282,67,51,19,34,66,4,20,55,32,6,30,37,26,18,17,7,85,50,43,24,268,19,25,41,35,23,20,478,76,31,21,17,82,28,126,616,22,2,26,36,19,27,29,24,42,110,20,25,17,18,10,6,15,4336,240,4338,69,62,22,35,19,28,55,53,7,4348,17,18,27,8,30,23,5,66,44,36,33,88,40,19,1090,22,73,17,77,2,9,6,3,28,26,24,3,21,23,150,9,60,13,486,17,876,5,18,32,34,20,4390,11,33,12,36,13,7,21,24,26,17,40,62,366,18,31,6,75,22,69,20,42,29,30,882,68,8,17,490,19,52,133,18,23,14,26,232,81,28,41,20,25,2,27,17,1108,31,51,19,73,18,29,6,10,126,7,23,35,38,88,20,17,22,42,80,55,25,19,18,49,27,21,4462,46,48,76,36,31,17,9,20,85,52,30,22,372,18,26,6,37,8,25,21,3,28,17,38,27,51,44,20,33,23,106,18,19,4,172,31,29,50,7,17,21,30,53,25,91,49,46,20,41,18,47,6,23,37,35,22,17,136,40,4522,11,21,39,62,282,2,26,18,25,1510,19,30,5,17,42,23,51,22,27,24,59,8,21,45,32,4548,12,7,568,19,10,66,26,6,29,34,9,4,23,22,162,30,39,21,18,27,456,17,19,268,2286,36,15,52,13,240,32,508,25,58,190,22,18,29,17,62,84,19,3,2,41,30,27,28,120,72,7,38,40,43,18,17,93,22,23,21,19,20,32,658,768,70,24,2,57,148,69,55,17,27,33,28,256,660,3,6,21,20,25,112,26,14,75,45,772,38,17,4,40,4642,32,29,43,36,19,7,9,20,1162,28,23,30,11,17,18,1552,26,78,34,63,10,6,44,19,388,160,466,20,21,22,17,57,18,23,2338,4678,71,2,25,36,1170,30,5,66,24,43,33,17,91,21,18,22,34,76,7,54,23,6,37,29,27,4,12,25,17,276,28,20,18,62,21,30,31,22,53,36,79,59,39,23,1180,17,63,45,35,4728,18,20,25,52,262,21,3,6,28,22,9,60,17,92,19,8,23,7,18,47,94,20,71,38,44,36,21,25,27,17,13,22,40,19,34,26,18,226,148,4,23,20,32,110,10,30,17,2,31,6,59,682,19,22,18,27,46,4786,11,33,29,20,598,17,28,51,7,116,21,41,39,19,18,40,7,22,88,25,24,8,17,65,20,37,82,6,15,26,43,21,18,1606,28,90,53,67,126,17,70,38,9,69,20,4,2416,30,5,52,18,19,21,2,44,26,3,14,51,130,29,372,22,6,20,7,808,33,18,25,19,112,80,17,12,36,75,30,27,38,32,26,486,4870,20,8,42,18,65,19,17,118,3,41,25,21,10,23,44,6,33,2,47,72,20,18,22,17,19,51,48,36,32,50,7,31,21,38,28,25,23,4908,490,18,17,4,17,19,22,39,2458,4918,9,26,41,6,37,21,820,378,24,18,44,23,20,4932,19,29,616,8,22,35,75,52,13,38,102,114,21,18,51,100,74,7,20,2,23,30,39,25,42,6,22,37,28,40,29,18,190,21,34,54,46,36,19,26,27,198,24,4,63,382,82,38,22,18,47,30,5,33,3,58,28,19,20,29,10,39,31,45,37,26,7,6,34,40,22,10,55,36,25,21,9,5010,20,556,108,30,5,57,12,18,33,5020,29,23,24,26,22,31,27,19,21,47,20,25,39,37,34,6,69,5038,71,4,42,36,35,30,23,58,19,2,51,21,11,33,132,14,15,38,25,5058,32,55,44,82,61,8,148,562,19,23,22,65,20,6,28,30,43,26,47,35,126,29,27,25,42,62,33,19,95,31,48,18,20,21,282,38,3,52,7,5098,9,51,28,26,34,4,19,69,3,6,9,70,20,2,21,10,55,118,852,33,24,64,196,40,13,2,42,18,41,26,28,54,20,25,59,21,22,8,23,29,256,96,53,138,19,6,37,49,77,35,44,31,20,56,7,26,21,32,22,76,67,23,43,18,27,30,5,63,24,41,93,38,20,738,12,74,69,21,862,5178,22,6,19,25,11,16,28,12,6,2,39,27,20,24,44,30,49,29,21,1732,9,8,22,7,51,43,34,23,25,38,41,192,1302,20,28,66,3,24,18,21,17,32,45,1740,6,10,29,67,1306,39,23,5230,108,20,48,348,18,68,44,19,21,24,28,40,31,27,22,38,43,64,74,33,7,4,18,29,145,37,19,26,6,21,876,276,93,8,47,45,22,478,28,62,18,20,34,31,23,19,90,58,79,55,21,25,29,2,880,310,660,24,9,43,41,20,37,42,6,5296,28,27,23,7,50,5302,21,52,13,39,18,5308,89,26,22,20,69,19,5,4,2658,196,75,56,886,23,3,21,18,760,11,8,48,37,6,20,19,10,55,24,46,280,88,60,29,12,18,30,21,54,190,2,7,5350,50,19,28,84,63,22,25,35,3,24,18,26,148,144,2682,21,6,23,44,29,19,20,41,30,34,43,48,22,9,32,28,25,46,24,2692,5386,21,26,76,19,23,8,35,58,65,2,18,7,29,22,45,40,36,37,30,27,25,21,6,772,81,20,44,23,18,5416,85,63,43,42,2710,22,39,154,48,80,67,29,19,5430,96,20,18,1086,30,38,23,110,36,49,26,40,34,10,6,45,7,19,33,21,18,20,47,54,41,8,25,51,11,2,52,39,35,1092,5,22,3,1822,9,5470,21,20,48,14,36,32,34,66,37,24,6,25,23,1096,210,19,13,22,14,61,31,20,26,28,30,41,2748,12,99,47,39,5502,7,24,18,23,25,32,51,22,34,20,21,27,29,37,6,62,26,8,46,28,1380,4,17,5526,690,24,23,70,460,20,35,21,15,45,41,49,276,32,27,18,19,29,26,42,36,33,43,28,50,7,6,10,21,2,25,108,9,18,67,19,106,104,52,292,46,27,48,618,26,20,29,222,3,21,2788,18,34,60,19,25,36,8,30,57,49,4,6,37,11,20,2796,47,27,18,21,22,79,19,7,29,35,32,59,28,25,78,71,55,3,61,20,18,5,54,48,21,19,2,23,27,26,24,75,38,37,67,562,42,6,18,20,28,43,32,2818,19,21,60,47,22,57,2,5,31,33,24,9,7,50,5652,20,12,36,8,19,25,46,21,148,28,95,10,48,1888,6,4,13,54,45,24,20,226,26,19,31,43,79,33,21,40,25,58,49,18,78,47,29,23,36,5692,20,73,19,24,76,74,7,32,26,21,6,18,30,438,1426,2,570,5710,83,56,20,19,34,45,952,28,3,8,43,18,11,54,53,82,26,16,190,22,1432,4,19,49,30,23,150,37,6,18,86,41,35,24,21,28,29,7,34,80,46,19,20,1150,1438,42,27,18,23,60,45,40,36,32,30,21,73,56,24,198,19,74,20,10,6,18,106,35,26,68,97,23,25,8,65,642,21,826,192,5790,19,1930,20,18,5,4,7,42,36,58,50,28,1450,2,23,45,43,21,48,12,6,18,20,57,51,276,24,34,22,60,81,71,90,41,30,5826,3,32,9,18,17,18,20,29,36,448,138,5838,3,42,22,40,46,166,33,74,85,8,37,21,13,23,6,44,11,61,26,25,63,4,976,142,22,31,24,27,19,2,586,102,21,838,20,66,23,47,52,33,83,56,49,40,25,10,22,19,54,64,6,62,39,21,20,130,31,45,982,23,99,59,50,7,81,72,19,41,22,25,14,256,33,8,20,28,30,2,51,35,79,27,23,29,37,19,6,31,77,57,9,39,38,348,20,21,26,43,24,5938,89,4,45,28,19,23,5,312,3,660,84,70,7,62,20,34,21,32,31,25,59,37,6,19,67,71,156,12,23,51,38,28,1492,180,20,27,30,8,33,61,36,2,19,192,25,68,24,44,11,31,598,23,106,56,20,10,22,1998,6,28,79,7,27,40,69,4,10,66,38,25,24,33,166,858,23,20,15,64,22,21,9,32,3010,34,35,240,130,28,46,27,41,44,45,58,6,20,30,23,3018,19,21,8,105,40,33,92,38,6046,39,56,7,31,36,32,1008,20,3,34,19,25,23,21,22,128,378,47,26,6066,29,4,606,41,37,66,46,20,6,2,45,6078,79,64,21,23,22,32,52,2028,36,6088,86,34,3,26,35,20,5,29,48,7,57,61,50,21,54,8,22,55,508,25,9,28,6,31,1018,19,10,32,132,26,11,60,38,12,21,34,29,39,22,23,24,6130,83,4,19,20,103,27,17,28,306,2,69,33,31,21,37,2,6,58,22,75,23,4,19,20,30,57,54,25,36,56,55,40,27,35,21,28,45,198,616,26,22,19,97,18,33,8,24,166,102,60,32,37,6,1236,30,268,21,68,52,27,19,34,22,20,36,26,23,6198,3,62,24,40,7,39,31,44,96,21,89,2,46,29,32,20,13,4,27,42,6,23,101,26,51,49,10,34,172,6228,19,70,36,76,25,20,38,31,22,366,79,8,29,40,23,27,5,6246,87,19,24,21,5,7,105,20,6,37,45,568,22,34,100,62,86,58,54,23,19,6268,35,29,21,16,24,20,30,6276,32,12,28,4,22,39,61,25,448,19,130,330,9,74,120,21,37,20,786,2098,6,27,29,26,7,42,36,8,19,2,3,53,25,6310,38,23,21,20,1578,41,80,78,54,79,24,40,43,19,27,22,57,29,14,37,1582,2110,6,20,10,30,48,44,35,33,32,6342,3,4,52,24,45,22,38,7,50,26,352,20,21,162,29,6358,23,31,53,19,28,74,67,30,37,8,6,2,49,59,32,20,36,21,1062,26,9,58,19,23,11,25,48,29,38,6388,89,71,28,22,47,20,81,30,13,41,7,19,5,66,40,26,6,27,88,72,25,2136,36,120,1068,22,20,92,69,2,19,49,168,31,87,4,38,30,51,23,642,26,59,8,27,12,20,22,32,19,21,47,6,24,17,29,10,306,28,7,52,75,3,43,31,1290,20,26,19,22,25,21,71,280,38,34,105,24,53,66,9,42,808,33,29,23,20,19,6,37,35,22,21,2,40,6,93,30,27,4,63,24,55,150,190,432,15,8,7,34,57,65,32,21,28,1300,33,240,1626,26,25,62,87,42,3256,24,11,18,3258,49,162,6,41,592,21,22,75,106,45,64,48,310,28,34,32,19,20,76,466,24,14,60,27,726,23,16,77,22,1636,110,35,6550,5,4,7,42,10,6,79,44,3,8,3,24,40,100,21,23,49,22,27,73,105,19,53,262,20,30,31,2,13,46,43,226,822,25,88,21,28,61,23,12,19,6,13,39,20,27,32,6598,87,34,50,7,40,1320,33,30,21,31,25,19,86,22,57,104,20,4,45,29,35,2206,85,77,27,8,48,37,1656,6,19,65,51,98,39,22,20,30,3318,26,31,80,122,2,28,41,3322,44,11,19,61,21,7,6652,38,35,20,22,52,23,11,60,32,45,37,6,10,2,19,34,114,31,21,39,48,71,20,29,27,22,53,42,23,24,40,25,41,19,87,76,35,26,38,21,32,102,20,4,54,86,28,7,5,34,418,23,19,6,45,78,25,43,39,136,21,49,20,26,3358,46,83,60,48,22,3,19,32,30,23,2242,38,2,27,53,31,21,15,34,33,292,336,106,63,6,19,22,71,12,240,396,7,23,15,45,43,24,20,30,32,27,25,4,52,19,40,29,198,22,38,41,26,33,61,36,23,37,10,21,56,6,112,60,19,118,28,25,27,30,58,92,22,70,11,6792,29,35,20,23,21,7,84,19,50,24,33,9,38,42,91,36,25,46,22,27,52,6,95,16,47,21,19,62,26,29,852,4,65,2,568,39,35,98,3,61,22,25,51,20,262,19,21,60,57,23,38,36,58,30,7,42,37,6,5,88,32,456,22,20,19,18,19,21,49,73,87,35,23,27,28,68,33,6870,858,34,26,24,190,20,22,2292,85,29,5,43,40,84,9,6,45,4,23,2,41,112,27,196,28,20,3448,24,22,60,50,12,7,1380,1150,30,156,140,29,25,47,3,54,48,12,20,32,186,31,27,22,160,11,276,26,2308,432,6,89,63,55,41,3466,35,23,20,51,2,346,630,34,78,22,21,39,6946,24,46,32,31,26,7,113,44,57,20,13,23,14,25,58,48,40,6,21,9,29,4,35,82,24,83,41,27,34,20,26,996,28,178,23,6982,96,39,25,21,22,36,232,6990,15,76,3,46,10,20,37,44,99,6,7,2,26,23,47,10,21,49,22,25,43,31,32,41,61,8,120,7018,24,60,52,45,39,36,29,30,23,21,26,74,5,4,38,33,25,6,101,69,35,46,55,44,24,1408,32,86,9,132,21,7,50,47,22,29,11,20,49,48,42,25,106,39,882,28,3532,190,24,62,57,70,12,6,23,31,22,20,32,7078,117,8,26,27,29,77,25,30,442,16,708,51,24,21,3546,128,886,4,22,2,7,33,3,67,53,64,31,48,26,6,27,25,34,29,21,1422,24,10,3558,112,22,28,1186,418,40,94,52,57,87,9,54,44,1782,36,26,21,25,20,41,83,13,39,22,23,42,8,34,30,38,7,109,6,50,310,97,48,21,20,45,7158,26,4,77,2,22,1432,23,33,31,36,14,29,71,796,210,2,91,20,52,41,34,4,5,3,43,478,22,6,11,23,79,27,115,51,47,66,256,20,7,31,29,18,50,45,40,28,7,32,22,68,9,25,23,7212,34,35,65,8,20,21,37,76,83,6,85,38,56,10,12,29,22,1032,15,28,3616,23,24,67,20,2,19,36,101,71,40,4,63,7246,34,658,35,48,22,74,92,7,906,37,20,6,24,21,55,38,3,1452,33,168,30,79,42,32,27,72,3636,22,75,36,20,250,90,8,21,7282,24,35,25,29,47,28,26,81,31,45,37,6,95,22,20,33,3,38,41,21,7,83,280,44,24,4,58,25,42,36,71,69,26,28,20,22,11,61,13,31,21,292,98,23,30,348,732,6,5,78,52,2,25,10,20,38,366,22,26,41,101,8,51,48,79,36,23,44,50,7,27,57,24,1050,20,222,91,16,17,22,40,33,21,32,26,53,109,67,55,4,29,39,460,38,20,62,14,3,47,45,12,22,25,21,30,820,738,35,87,66,26,44,23,51,20,2,43,28,7,29,24,37,160,22,21,6,94,25,57,68,39,38,31,72,20,2472,23,36,53,570,115,41,35,55,24,21,742,32,29,7432,117,27,25,110,20,44,92,62,37,23,40,6,101,2,30,76,21,7,11,4,54,46,71,28,20,66,372,25,3,32,33,1492,23,130,1866,57,77,21,15,8,100,53,24,84,20,37,42,6,5,44,40,28,25,7486,95,23,29,38,21,36,1248,22,35,33,20,26,7,24,60,50,13,61,56,41,30,31,750,2,5,28,21,166,27,4,20,29,34,80,42,47,40,24,57,32,53,36,33,35,268,92,81,21,156,8,20,22,12,28,52,9,91,82,97,46,29,24,51,26,117,6,34,1510,7,10,20,32,89,22,25,33,40,36,35,38,30,28,3,31,43,24,540,100,75,21,20,142,378,4,222,22,11,79,3792,25,34,41,14,32,55,46,52,6,33,24,20,148,58,8,31,26,23,7,42,2,45,1086,39,128,25,59,93,43,54,47,56,20,19,24,34,32,9,28,92,22,30,26,33,6,105,16,53,48,29,25,113,20,21,282,3820,38,40,4,52,49,42,22,23,3,51,28,7,26,34,66,30,20,69,21,5,33,31,8,73,6,17,24,54,2,59,23,56,306,100,76,27,20,95,26,21,48,40,46,13,25,30,232,34,7690,640,22,29,2,12,57,45,20,99,37,55,6,106,9,35,26,93,28,256,47,15,856,132,22,11,24,30,20,83,1102,98,29,21,4,75,31,91,33,56,46,3,26,1288,90,65,8,37,6,53,24,23,45,43,21,1290,126,30,61,52,32,7,41,51,140,276,38,31,2,22,80,25,1108,40,23,21,862,970,456,104,70,115,67,42,6,35,6,30,20,388,29,22,32,138,26,9,21,23,4,59,82,34,28,41,33,1948,112,69,20,14,7,52,50,22,39,51,210,21,64,29,23,5,24,62,32,42,7816,36,20,31,28,79,46,162,312,22,48,33,21,43,87,54,38,23,41,44,24,30,20,3,70,56,49,39,74,35,32,11,37,7,31,12,4,36,2,490,23,42,20,34,24,25,26,982,8,65,9,13,46,22,21,95,43,126,48,41,7876,28,20,23,35,31,39,40,18,37,10,115,26,36,606,21,876,27,1578,93,29,30,20,42,79,438,23,103,16,7,67,51,24,112,32,25,21,22,26,35,4,87,2,89,3,39,37,40,57,23,33,30,8,121,65,61,24,21,114,22,25,62,20,54,26,42,32,31,226,47,38,9,7948,23,35,15,50,56,7,21,24,22,20,33,39,5,7962,40,134,568,2,44,83,796,48,1992,23,17,27,996,21,3988,20,11,24,57,886,29,38,35,25,30,2662,28,85,11,8,54,122,23,4,21,20,19,20,3,50,7,24,31,32,10,77,14,89,25,29,4006,228,166,8016,28,21,81,35,190,38,22,68,33,348,222,6,27,2,55,276,36,78,97,25,3,32,21,67,23,382,2010,26,22,618,30,2682,13,70,83,7,61,178,35,8,45,33,123,4,25,732,34,23,56,48,22,8068,36,26,1008,116,28,94,85,196,24,2692,100,41,21,136,27,40,77,25,23,8088,22,35,33,68,113,71,57,26,4048,31,29,75,7,21,45,1620,36,120,37,30,42,23,5,78,4056,48,2028,39,10,3,115,8,41,8122,11,4,24,2,126,29,28,43,106,34,22,32,112,38,25,30,109,74,5,69,44,21,4072,8146,96,45,24,7,42,50,150,232,22,23,28,198,95,31,60,25,12,27,21,32,1020,30,94,86,226,742,24,38,26,16,22,87,23,47,37,166,92,8,28,21,25,4,104,2,15,2,4,39,35,55,24,30,3,34,26,23,41,40,372,282,21,72,54,48,69,25,28,74,29,43,83,27,14,8220,22,31,33,174,23,18,10,21,822,35,13,84,39,14,42,46,25,45,77,80,28,8242,228,22,24,2748,62,23,21,38,55,50,26,63,7,33,4,30,43,70,59,25,32,51,35,22,105,34,24,21,23,27,29,47,44,92,42,486,17,6,60,46,45,31,36,8286,25,22,33,8290,5,8292,24,23,32,68,28,192,27,35,592,29,172,7,26,48,3,67,62,22,39,21,4156,1662,31,66,23,30,12,59,4,33,57,40,28,27,32,45,97,37,26,22,21,1666,35,34,10,268,138,23,24,86,81,1668,43,31,2086,30,69,39,95,50,7,21,33,136,26,61,32,29,9,25,23,38,24,51,37,47,92,34,54,91,45,46,21,22,31,30,19,27,28,66,26,2,4,23,11,3,24,2796,32,108,36,114,73,310,21,22,99,70,56,7,42,34,35,1200,27,30,23,646,58,25,13,98,47,55,51,21,29,20,33,8422,32,72,54,52,97,39,36,49,15,23,62,27,26,74,24,30,21,35,5,9,63,14,42,82,10,29,8,41,7,50,79,33,23,2818,56,768,93,21,24,25,45,22,4,83,39,30,3,31,55,34,222,43,12,172,29,37,23,2,21,53,100,40,24,22,25,27,282,1212,41,148,28,57,44,72,59,30,99,7,31,21,1062,104,81,29,708,22,24,35,111,25,8,66,27,38,43,1216,11,33,28,946,9,40,23,55,58,30,4,22,107,6,24,568,29,88,25,8538,26,34,61,27,95,21,35,48,77,23,7,75,32,22,33,38,123,47,10,30,46,43,1426,25,31,29,21,658,101,18,27,51,23,8572,36,22,127,67,3,372,109,66,24,52,32,39,17,21,25,30,37,120,5,38,4,23,13,22,1432,45,99,86,186,50,43,9,7,150,21,34,36,70,79,25,42,41,32,35,23,22,33,232,51,29,27,77,31,37,44,21,24,38,12,63,89,28,126,55,25,162,95,22,8,34,26,12,36,43,32,30,21,27,11,33,4326,7,41,786,4,3,432,2886,121,22,23,76,57,106,10,8668,26,21,15,2,4336,59,49,34,27,24,32,29,36,456,166,22,9,23,25,31,43,28,21,82,125,53,26,41,42,8698,99,37,39,24,7,27,64,22,38,30,23,34,32,21,8,104,44,378,36,28,31,2,26,57,51,40,4362,24,1090,202,22,90,27,23,21,1746,95,78,4,29,3,39,5,93,32,34,38,28,26,81,124,24,3,7,36,21,23,35,150,63,19,73,60,126,25,40,486,796,29,30,64,178,5,68,22,24,9,65,8,23,39,2926,31,8782,11,6,33,27,87,25,36,52,13,59,56,1758,22,21,105,24,99,12,4,28,44,40,62,74,32,382,880,98,37,31,25,78,115,76,21,33,41,70,38,24,45,23,29,26,91,30,81,28,95,3,64,48,46,57,490,25,21,20,8,52,31,40,66,24,23,37,56,7,33,26,53,29,77,9,39,28,38,21,22,8862,25,14,4,42,27,45,886,23,32,466,101,31,58,51,192,26,110,34,21,48,22,33,37,28,10,25,126,70,17,76,23,24,138,35,36,808,7,89,41,21,32,26,8,53,61,42,98,18,15,2,3,28,11,23,33,24,222,49,5,37,21,40,75,112,22,72,4,26,35,77,36,1786,32,31,9,25,23,8940,29,24,103,21,125,52,43,27,22,33,372,50,120,74,7,12,1492,45,37,70,56,23,25,40,21,24,31,61,8,28,22,996,13,39,27,68,66,30,44,47,498,26,33,598,23,21,106,25,89,24,58,42,22,256,172,37,10,28,29,72,35,27,45,7,36,79,21,2,4,63,38,53,25,24,22,33,56,9,46,54,3,1288,44,41,64,28,47,21,27,70,32,23,8,26,250,6,22,24,30,80,36,9042,66,40,4522,67,11,45,21,34,123,39,7,28,23,27,29,9058,22,26,60,24,25,57,41,9066,44,3022,30,21,5,72,4,14,75,42,55,6,226,51,22,28,27,34,79,24,38,25,64,61,21,432,45,106,32,826,8,336,9,70,23,3,22,606,156,35,37,69,66,24,44,12,25,36,29,49,96,10,43,76,47,31,2280,23,22,78,32,54,30,83,39,55,21,24,87,63,4,25,19,276,35,222,126,29,268,59,22,33,121,36,7,34,31,21,13,84,46,24,30,42,8,43,25,26,49,28,89,47,22,23,53,9172,29,366,21,35,62,57,11,9,33,24,3,31,56,34,55,25,30,26,22,316,23,28,120,21,17,73,44,2,4,29,46,40,43,24,93,9208,39,150,35,61,25,22,31,23,21,27,30,34,4,28,58,2,75,9226,768,10,41,71,24,1318,8,81,57,22,148,21,23,70,56,26,44,40,27,31,33,39,7,28,256,18,660,616,24,32,1542,22,21,20,9,23,25,59,85,82,48,12,102,41,73,27,45,174,772,9276,31,28,24,22,16,78,210,14,4,42,39,25,34,29,3,37,1548,26,46,65,8,546,27,75,60,22,24,1860,7,28,66,23,30,52,11,49,25,67,38,35,68,45,29,26,117,79,11,22,63,27,24,42,37,6,23,152,358,28,43,9336,13,10,30,9340,46,9,127,54,64,22,113,29,4,85,24,32,27,7,2338,47,34,190,103,72,8,28,25,40,39,36,1170,22,30,31,5,3,66,86,24,9376,5,43,33,27,67,59,53,32,68,35,46,63,25,22,15,100,41,77,61,81,58,26,24,23,31,36,7,39,95,29,27,45,64,49,48,22,4,25,106,2,73,9418,28,9420,35,348,9,12,8,65,2356,448,30,82,130,31,46,22,29,53,51,36,25,37,59,132,39,40,33,23,24,10,104,26,63,7,3,42,11,22,4728,1050,30,86,27,55,31,25,4732,52,38,556,23,122,24,74,64,36,28,92,26,22,46,32,60,39,87,40,101,93,62,51,3,73,35,23,4,14,24,42,47,45,99,22,7,50,17,72,38,54,43,49,316,36,33,2,9,25,23,27,55,52,13,57,39,22,69,40,31,35,5,732,26,352,28,9532,226,1906,148,186,64,42,23,90,60,53,24,22,83,36,123,77,30,7,29,50,8,104,26,31,4,10,28,39,34,23,73,25,4782,22,24,92,109,3,46,55,4786,382,113,32,33,56,30,12,26,6,598,134,23,9586,11,22,25,51,24,69,43,9,34,35,27,41,7,75,60,50,48,98,40,738,7,23,29,22,62,89,208,25,24,162,8,36,31,74,4,42,400,27,77,37,55,83,34,90,15,22,26,56,131,43,66,29,24,32,51,9642,28,642,40,91,133,53,67,31,3,50,1608,22,135,7,38,742,26,70,60,3220,24,25,64,35,29,10,30,508,28,32,62,52,9,22,5,27,43,20,8,55,268,44,4,65,24,9688,25,36,57,51,130,74,38,29,34,158,22,23,13,50,63,2,7,42,808,132,33,116,24,31,1618,25,346,39,79,86,11,72,22,43,21,388,29,36,28,44,30,69,34,27,38,164,24,12,26,9738,25,190,4870,33,22,84,58,23,48,42,57,75,65,2,8,7,28,9,118,82,3,80,61,36,26,25,4,63,110,32,23,3256,35,44,180,31,33,54,4888,10,47,9780,60,73,24,102,95,27,22,250,25,42,101,23,64,39,48,79,62,36,34,32,46,50,7,76,31,57,35,24,17,90,28,29,27,25,23,44,8,1090,30,160,1636,61,306,130,16,47,5,78,4,52,22,24,34,6,66,31,9,23,25,3,26,33,48,41,40,228,38,37,30,67,11,7,22,59,73,24,64,45,62,44,23,1408,57,25,4932,142,26,69,71,29,15,39,47,42,22,118,35,110,30,24,8,52,13,23,37,9886,102,10,25,86,48,12,4,27,28,32,22,31,19,75,7,50,45,24,126,36,23,33,990,30,39,35,53,14,133,42,67,9,22,47,3,37,28,396,40,41,135,24,31,23,190,128,77,52,34,18,43,54,25,30,22,36,112,2,8,65,35,27,198,39,28,24,23,79,63,76,4,42,37,31,38,122,22,25,40,53,41,89,34,30,26,59,4986,33,27,23,5,36,28,43,160,35,11,67,22,29,48,1426,25,74,31,32,45,1998,101,37,26,10,9};
 
int main () {
  int cases;
  scanf("%d", &cases);
  while (cases--) {
    LL x;
    scanf("%lld", &x);
    if (x <= SMALL) {
      printf("%d
", precomp[x]);
      continue;
    }
    LL out = x-1;
    LL i, p, t, c;
 
    if (x & 1) {
      t = x >> 1, p = 13;
      c = 11;
      while (1LL << (p+1) <= x) {
        ++c;
        ++p;
      }
      --p;
 
      while (c > 1) {
        if (((x >> p) & 1) != (t & 1))
          break;
        --p;
        t >>= 1;
        c -= 2;
      }
      if (c <= 1) {
        printf("2
");
        continue;
      }
    }
 
    for (i = 3; i*i < x; ++i) {
//      if (x % i == 0)
//        continue;
 
      t = x / i, p = i*i, c = 1;
      while (p * i <= x) {
        ++c;
        p *= i;
      }
      if (x / p != x % i)
        continue;
      
      p /= i;
      while (c > 1) {
        if ((x / p) % i != t % i)
          break;
        p /= i;
        t /= i;
        c -= 2;
      }
      if (c <= 1) {
        out = i;
        break;
      }
    }
 
    if (out == x-1) {
      while (i*(i+1) >= x)
        --i;
      for (; i >= 2; --i)
        if (x % i == 0) {
          out = x / i - 1;
          break;
        }
    }
    printf("%lld
", out);
  }
  return 0;
}